-0.18	0.008
-0.178	0.002
-0.176	-0.036
-0.174	0.064
-0.172	0
-0.17	0.008
-0.168	0.012
-0.166	-0.064
-0.164	0.008
-0.162	0.002
-0.16	0.014
-0.158	0.016
-0.156	0.066
-0.154	-0.002
-0.152	0.002
-0.15	-0.01
-0.148	-0.078
-0.146	0.02
-0.144	-0.002
-0.142	0.012
-0.14	0.042
-0.138	0.034
-0.136	-0.002
-0.134	0.002
-0.132	-0.018
-0.13	-0.076
-0.128	0.036
-0.126	0
-0.124	0.01
-0.122	0.042
-0.12	-0.022
-0.118	0
-0.116	0.006
-0.114	-0.01
-0.112	-0.05
-0.11	0.05
-0.108	0.004
-0.106	0.008
-0.104	0.016
-0.102	-0.064
-0.1	0.006
-0.098	0.008
-0.096	0.006
-0.094	-0.006
-0.092	0.06
-0.09	0.002
-0.088	0.008
-0.086	-0.008
-0.084	-0.076
-0.082	0.016
-0.08	0.004
-0.078	0.022
-0.076	0.038
-0.074	0.044
-0.072	-0.004
-0.07	0.006
-0.068	-0.016
-0.066	-0.068
-0.064	0.03
-0.062	-0.004
-0.06	0.018
-0.058	0.048
-0.056	0
-0.054	-0.004
-0.052	0.002
-0.05	-0.014
-0.048	-0.05
-0.046	0.048
-0.044	-0.004
-0.042	0.008
-0.04	0.026
-0.038	-0.052
-0.036	0.004
-0.034	0.006
-0.032	0
-0.03	-0.02
-0.028	0.052
-0.026	0
-0.024	0.002
-0.022	-0.004
-0.02	-0.08
-0.018	0.016
-0.016	0.006
-0.014	0.014
-0.012	0.018
-0.01	0.044
-0.008	0.002
-0.006	0.006
-0.004	-0.02
-0.002	-0.074
0	0.026
0.002	0.002
0.004	0.02
0.006	0.044
0.008	0.01
0.01	-0.002
0.012	0.006
0.014	-0.016
0.016	-0.05
0.018	0.038
0.02	-0.004
0.022	0.014
0.024	0.042
0.026	-0.034
0.028	-0.002
0.03	0.006
0.032	-0.004
0.034	-0.02
0.036	0.05
0.038	-0.006
0.04	0.006
0.042	0.01
0.044	-0.07
0.046	0.006
0.048	0.004
0.05	0.012
0.052	0.008
0.054	0.046
0.056	0
0.058	0
0.06	-0.02
0.062	-0.078
0.064	0.024
0.066	0.004
0.068	0.018
0.07	0.03
0.072	0.022
0.074	0.002
0.076	0.004
0.078	-0.024
0.08	-0.058
0.082	0.036
0.084	0
0.086	0.018
0.088	0.042
0.09	-0.024
0.092	0.002
0.094	0.01
0.096	-0.008
0.098	-0.024
0.1	0.044
0.102	-0.002
0.104	0.01
0.106	0.026
0.108	-0.062
0.11	0.004
0.112	0.006
0.114	0.01
0.116	0.006
0.118	0.042
0.12	-0.004
0.122	0.002
0.124	-0.006
0.126	-0.076
0.128	0.016
0.13	0.002
0.132	0.018
0.134	0.028
0.136	0.024
0.138	-0.002
0.14	0
0.142	-0.028
0.144	-0.064
0.146	0.032
0.148	-0.002
0.15	0.016
0.152	0.034
0.154	-0.01
0.156	0.002
0.158	0.004
0.16	-0.022
0.162	-0.032
0.164	0.044
0.166	-0.002
0.168	0.014
0.17	0.028
0.172	-0.052
0.174	0.008
0.176	0.008
0.178	0.002
0.18	0
0.182	0.042
0.184	-0.002
0.186	0.008
0.188	0.008
0.19	-0.074
0.192	0.012
0.194	0.006
0.196	0.024
0.198	0.024
0.2	0.024
0.202	-0.002
0.204	0
0.206	-0.018
0.208	-0.068
0.21	0.024
0.212	0
0.214	0.024
0.216	0.034
0.218	-0.002
0.22	0
0.222	0
0.224	-0.028
0.226	-0.038
0.228	0.04
0.23	-0.006
0.232	0.014
0.234	0.028
0.236	-0.038
0.238	0.004
0.24	0.006
0.242	-0.012
0.244	-0.006
0.246	0.044
0.248	-0.006
0.25	0.006
0.252	0.01
0.254	-0.066
0.256	0.014
0.258	0.008
0.26	0.016
0.262	0.02
0.264	0.032
0.266	0
0.268	0.004
0.27	-0.012
0.272	-0.07
0.274	0.024
0.276	0.006
0.278	0.028
0.28	0.034
0.282	0
0.284	0.002
0.286	0.002
0.288	-0.024
0.29	-0.046
0.292	0.032
0.294	-0.004
0.296	0.024
0.298	0.03
0.3	-0.032
0.302	0.004
0.304	0.004
0.306	-0.018
0.308	-0.012
0.31	0.04
0.312	-0.008
0.314	0.008
0.316	0.014
0.318	-0.058
0.32	0.01
0.322	0.004
0.324	0.004
0.326	0.016
0.328	0.034
0.33	-0.004
0.332	0
0.334	-0.006
0.336	-0.066
0.338	0.02
0.34	0.006
0.342	0.026
0.344	0.03
0.346	0.012
0.348	0.002
0.35	0.002
0.352	-0.02
0.354	-0.05
0.356	0.03
0.358	0.002
0.36	0.032
0.362	0.03
0.364	-0.024
0.366	0.006
0.368	0.006
0.37	-0.018
0.372	-0.022
0.374	0.038
0.376	-0.006
0.378	0.018
0.38	0.018
0.382	-0.052
0.384	0.008
0.386	0.004
0.388	-0.002
0.39	0.008
0.392	0.034
0.394	-0.008
0.396	0
0.398	0
0.4	-0.064
0.402	0.016
0.404	0.004
0.406	0.016
0.408	0.032
0.41	0.016
0.412	-0.002
0.414	-0.004
0.416	-0.016
0.418	-0.052
0.42	0.026
0.422	0
0.424	0.03
0.426	0.032
0.428	-0.012
0.43	0.002
0.432	0.004
0.434	-0.02
0.436	-0.028
0.438	0.034
0.44	-0.002
0.442	0.026
0.444	0.02
0.446	-0.044
0.448	0.01
0.45	0.008
0.452	-0.008
0.454	0
0.456	0.032
0.458	-0.006
0.46	0.012
0.462	0.002
0.464	-0.062
0.466	0.016
0.468	0.006
0.47	0.012
0.472	0.024
0.474	0.02
0.476	-0.006
0.478	-0.004
0.48	-0.01
0.482	-0.056
0.484	0.02
0.486	-0.002
0.488	0.028
0.49	0.036
0.492	-0.004
0.494	0
0.496	-0.002
0.498	-0.016
0.5	-0.034
0.502	0.03
0.504	-0.004
0.506	0.028
0.508	0.026
0.51	-0.034
0.512	0.01
0.514	0.004
0.516	-0.012
0.518	-0.004
0.52	0.032
0.522	-0.002
0.524	0.018
0.526	0.006
0.528	-0.054
0.53	0.016
0.532	0.008
0.534	0.002
0.536	0.02
0.538	0.024
0.54	-0.004
0.542	0.002
0.544	-0.012
0.546	-0.058
0.548	0.02
0.55	0.006
0.552	0.022
0.554	0.032
0.556	0
0.558	-0.004
0.56	-0.006
0.562	-0.016
0.564	-0.04
0.566	0.024
0.568	-0.004
0.57	0.032
0.572	0.028
0.574	-0.028
0.576	0.004
0.578	0
0.58	-0.01
0.582	-0.01
0.584	0.03
0.586	-0.01
0.588	0.022
0.59	0.012
0.592	-0.05
0.594	0.014
0.596	0.006
0.598	0
0.6	0.014
0.602	0.026
0.604	-0.004
0.606	0.004
0.608	-0.008
0.61	-0.056
0.612	0.022
0.614	0.008
0.616	0.016
0.618	0.028
0.62	0.008
0.622	0
0.624	-0.006
0.626	-0.018
0.628	-0.042
0.63	0.024
0.632	0
0.634	0.028
0.636	0.03
0.638	-0.024
0.64	0.004
0.642	-0.006
0.644	-0.014
0.646	-0.02
0.648	0.024
0.65	-0.006
0.652	0.028
0.654	0.016
0.656	-0.046
0.658	0.008
0.66	0.004
0.662	-0.002
0.664	0.01
0.666	0.022
0.668	-0.008
0.67	0.016
0.672	0
0.674	-0.052
0.676	0.018
0.678	0.006
0.68	0.014
0.682	0.028
0.684	0.014
0.686	-0.004
0.688	0
0.69	-0.016
0.692	-0.044
0.694	0.024
0.696	0.004
0.698	0.024
0.7	0.03
0.702	-0.01
0.704	0.004
0.706	-0.008
0.708	-0.016
0.71	-0.024
0.712	0.026
0.714	-0.004
0.716	0.028
0.718	0.018
0.72	-0.038
0.722	0.01
0.724	-0.002
0.726	-0.006
0.728	0.002
0.73	0.02
0.732	-0.008
0.734	0.018
0.736	0
0.738	-0.052
0.74	0.014
0.742	0.006
0.744	0.012
0.746	0.022
0.748	0.01
0.75	-0.008
0.752	0.006
0.754	-0.014
0.756	-0.044
0.758	0.022
0.76	0.006
0.762	0.024
0.764	0.032
0.766	-0.006
0.768	0
0.77	-0.008
0.772	-0.016
0.774	-0.024
0.776	0.026
0.778	0
0.78	0.028
0.782	0.022
0.784	-0.028
0.786	0.01
0.788	-0.008
0.79	-0.008
0.792	-0.002
0.794	0.022
0.796	-0.008
0.798	0.022
0.8	0.004
0.802	-0.048
0.804	0.014
0.806	0
0.808	0.006
0.81	0.016
0.812	0.01
0.814	-0.008
0.816	0.008
0.818	-0.01
0.82	-0.048
0.822	0.02
0.824	0.008
0.826	0.022
0.828	0.03
0.83	-0.004
0.832	-0.002
0.834	-0.002
0.836	-0.016
0.838	-0.032
0.84	0.022
0.842	0.004
0.844	0.028
0.846	0.026
0.848	-0.024
0.85	0.006
0.852	-0.008
0.854	-0.008
0.856	-0.004
0.858	0.024
0.86	-0.006
0.862	0.024
0.864	0.008
0.866	-0.04
0.868	0.014
0.87	-0.006
0.872	0.004
0.874	0.016
0.876	0.014
0.878	-0.01
0.88	0.012
0.882	-0.01
0.884	-0.048
0.886	0.02
0.888	0.004
0.89	0.018
0.892	0.026
0.894	0
0.896	-0.006
0.898	0
0.9	-0.018
0.902	-0.034
0.904	0.022
0.906	0.006
0.908	0.028
0.91	0.024
0.912	-0.024
0.914	0.006
0.916	-0.006
0.918	-0.01
0.92	-0.012
0.922	0.018
0.924	-0.002
0.926	0.026
0.928	0.014
0.93	-0.038
0.932	0.014
0.934	-0.008
0.936	0.006
0.938	0.012
0.94	0.014
0.942	-0.01
0.944	0.016
0.946	-0.002
0.948	-0.042
0.95	0.018
0.952	0
0.954	0.016
0.956	0.028
0.958	0.002
0.96	-0.008
0.962	0.002
0.964	-0.016
0.966	-0.036
0.968	0.02
0.97	0.006
0.972	0.024
0.974	0.026
0.976	-0.016
0.978	0
0.98	-0.006
0.982	-0.016
0.984	-0.018
0.986	0.02
0.988	0.002
0.99	0.028
0.992	0.014
0.994	-0.034
0.996	0.014
0.998	-0.008
1	0
1.002	0.006
1.004	0.014
1.006	-0.004
1.008	0.02
1.01	0
1.012	-0.042
1.014	0.018
1.016	-0.002
1.018	0.016
1.02	0.026
1.022	0.004
1.024	-0.008
1.026	0.006
1.028	-0.014
1.03	-0.034
1.032	0.02
1.034	0.002
1.036	0.024
1.038	0.03
1.04	-0.014
1.042	-0.004
1.044	-0.006
1.046	-0.014
1.048	-0.02
1.05	0.018
1.052	0.002
1.054	0.024
1.056	0.016
1.058	-0.028
1.06	0.008
1.062	-0.01
1.064	-0.006
1.066	0.002
1.068	0.012
1.07	-0.002
1.072	0.02
1.074	0
1.076	-0.04
1.078	0.018
1.08	-0.006
1.082	0.01
1.084	0.018
1.086	0.006
1.088	-0.008
1.09	0.008
1.092	-0.012
1.094	-0.034
1.096	0.02
1.098	0.002
1.1	0.026
1.102	0.028
1.104	-0.008
1.106	-0.006
1.108	0
1.11	-0.012
1.112	-0.022
1.114	0.018
1.116	0.004
1.118	0.028
1.12	0.022
1.122	-0.024
1.124	0.004
1.126	-0.008
1.128	-0.008
1.13	-0.002
1.132	0.012
1.134	0
1.136	0.022
1.138	0.006
1.14	-0.036
1.142	0.016
1.144	-0.008
1.146	0.006
1.148	0.016
1.15	0.006
1.152	-0.006
1.154	0.01
1.156	-0.012
1.158	-0.036
1.16	0.022
1.162	-0.002
1.164	0.022
1.166	0.026
1.168	-0.006
1.17	-0.006
1.172	0
1.174	-0.016
1.176	-0.024
1.178	0.018
1.18	0.002
1.182	0.03
1.184	0.024
1.186	-0.022
1.188	0
1.19	-0.006
1.192	-0.006
1.194	-0.006
1.196	0.012
1.198	0
1.2	0.024
1.202	0.008
1.204	-0.034
1.206	0.01
1.208	-0.008
1.21	0.006
1.212	0.012
1.214	0.004
1.216	-0.004
1.218	0.012
1.22	-0.008
1.222	-0.034
1.224	0.022
1.226	-0.006
1.228	0.02
1.23	0.024
1.232	-0.004
1.234	-0.006
1.236	0
1.238	-0.016
1.24	-0.026
1.242	0.022
1.244	0.002
1.246	0.028
1.248	0.024
1.25	-0.016
1.252	0
1.254	-0.006
1.256	-0.01
1.258	-0.008
1.26	0.014
1.262	0.004
1.264	0.028
1.266	0.01
1.268	-0.028
1.27	0.008
1.272	-0.006
1.274	0.004
1.276	0.008
1.278	0.006
1.28	0
1.282	0.016
1.284	-0.004
1.286	-0.032
1.288	0.016
1.29	-0.006
1.292	0.018
1.294	0.024
1.296	-0.006
1.298	-0.008
1.3	0.004
1.302	-0.014
1.304	-0.026
1.306	0.022
1.308	-0.002
1.31	0.026
1.312	0.026
1.314	-0.012
1.316	-0.004
1.318	-0.008
1.32	-0.014
1.322	-0.01
1.324	0.02
1.326	0.002
1.328	0.026
1.33	0.016
1.332	-0.024
1.334	0.006
1.336	-0.008
1.338	0
1.34	0.006
1.342	0.006
1.344	0
1.346	0.018
1.348	0
1.35	-0.03
1.352	0.016
1.354	-0.004
1.356	0.016
1.358	0.02
1.36	-0.004
1.362	-0.004
1.364	0.008
1.366	-0.012
1.368	-0.026
1.37	0.02
1.372	-0.002
1.374	0.024
1.376	0.024
1.378	-0.014
1.38	-0.006
1.382	-0.006
1.384	-0.014
1.386	-0.016
1.388	0.018
1.39	-0.002
1.392	0.026
1.394	0.02
1.396	-0.022
1.398	0.002
1.4	-0.01
1.402	-0.002
1.404	0.004
1.406	0.01
1.408	0
1.41	0.02
1.412	0.004
1.414	-0.026
1.416	0.014
1.418	-0.008
1.42	0.012
1.422	0.018
1.424	-0.002
1.426	-0.002
1.428	0.008
1.43	-0.01
1.432	-0.026
1.434	0.02
1.436	-0.002
1.438	0.024
1.44	0.024
1.442	-0.014
1.444	-0.002
1.446	-0.002
1.448	-0.014
1.45	-0.016
1.452	0.02
1.454	-0.002
1.456	0.028
1.458	0.02
1.46	-0.02
1.462	-0.002
1.464	-0.008
1.466	-0.006
1.468	0
1.47	0.008
1.472	-0.004
1.474	0.022
1.476	0.008
1.478	-0.024
1.48	0.008
1.482	-0.01
1.484	0.008
1.486	0.016
1.488	0
1.49	-0.002
1.492	0.01
1.494	-0.006
1.496	-0.024
1.498	0.018
1.5	-0.006
1.502	0.024
1.504	0.024
1.506	-0.01
1.508	0
1.51	-0.002
1.512	-0.014
1.514	-0.018
1.516	0.022
1.518	-0.002
1.52	0.028
1.522	0.02
1.524	-0.02
1.526	0
1.528	-0.008
1.53	-0.008
1.532	-0.004
1.534	0.012
1.536	0
1.538	0.024
1.54	0.008
1.542	-0.022
1.544	0.006
1.546	-0.01
1.548	0.006
1.55	0.008
1.552	0
1.554	-0.004
1.556	0.014
1.558	-0.004
1.56	-0.022
1.562	0.014
1.564	-0.008
1.566	0.02
1.568	0.024
1.57	-0.01
1.572	-0.004
1.574	0
1.576	-0.012
1.578	-0.016
1.58	0.018
1.582	-0.002
1.584	0.028
1.586	0.024
1.588	-0.016
1.59	0
1.592	-0.008
1.594	-0.01
1.596	-0.008
1.598	0.016
1.6	0
1.602	0.026
1.604	0.01
1.606	-0.02
1.608	0.006
1.61	-0.012
1.612	0.002
1.614	0.006
1.616	0.006
1.618	0
1.62	0.014
1.622	-0.002
1.624	-0.022
1.626	0.01
1.628	-0.008
1.63	0.018
1.632	0.02
1.634	-0.01
1.636	-0.004
1.638	0.002
1.64	-0.012
1.642	-0.016
1.644	0.016
1.646	-0.006
1.648	0.03
1.65	0.024
1.652	-0.018
1.654	-0.002
1.656	-0.008
1.658	-0.012
1.66	-0.006
1.662	0.016
1.664	0
1.666	0.028
1.668	0.016
1.67	-0.02
1.672	0.004
1.674	-0.01
1.676	-0.002
1.678	0.004
1.68	0.008
1.682	0
1.684	0.016
1.686	0.002
1.688	-0.018
1.69	0.01
1.692	-0.01
1.694	0.014
1.696	0.016
1.698	-0.006
1.7	-0.004
1.702	0.004
1.704	-0.01
1.706	-0.016
1.708	0.014
1.71	-0.006
1.712	0.026
1.714	0.022
1.716	-0.016
1.718	-0.002
1.72	-0.006
1.722	-0.012
1.724	-0.008
1.726	0.014
1.728	-0.002
1.73	0.028
1.732	0.018
1.734	-0.02
1.736	0
1.738	-0.01
1.74	-0.002
1.742	0.002
1.744	0.008
1.746	0
1.748	0.022
1.75	0.006
1.752	-0.018
1.754	0.008
1.756	-0.01
1.758	0.01
1.76	0.016
1.762	-0.002
1.764	-0.002
1.766	0.008
1.768	-0.008
1.77	-0.014
1.772	0.014
1.774	-0.008
1.776	0.024
1.778	0.02
1.78	-0.012
1.782	0
1.784	-0.006
1.786	-0.014
1.788	-0.01
1.79	0.014
1.792	-0.002
1.794	0.028
1.796	0.016
1.798	-0.02
1.8	0
1.802	-0.012
1.804	-0.004
1.806	0
1.808	0.01
1.81	0
1.812	0.022
1.814	0.008
1.816	-0.018
1.818	0.006
1.82	-0.01
1.822	0.008
1.824	0.012
1.826	0
1.828	-0.002
1.83	0.006
1.832	-0.004
1.834	-0.014
1.836	0.012
1.838	-0.008
1.84	0.022
1.842	0.02
1.844	-0.01
1.846	0
1.848	-0.006
1.85	-0.012
1.852	-0.008
1.854	0.016
1.856	-0.004
1.858	0.028
1.86	0.02
1.862	-0.02
1.864	0
1.866	-0.012
1.868	-0.01
1.87	0
1.872	0.01
1.874	-0.002
1.876	0.024
1.878	0.008
1.88	-0.02
1.882	0.002
1.884	-0.012
1.886	0.006
1.888	0.008
1.89	0.002
1.892	-0.002
1.894	0.012
1.896	-0.002
1.898	-0.014
1.9	0.01
1.902	-0.006
1.904	0.02
1.906	0.018
1.908	-0.008
1.91	0
1.912	0
1.914	-0.012
1.916	-0.008
1.918	0.014
1.92	-0.006
1.922	0.028
1.924	0.02
1.926	-0.016
1.928	0
1.93	-0.012
1.932	-0.008
1.934	0.002
1.936	0.012
1.938	-0.002
1.94	0.024
1.942	0.012
1.944	-0.018
1.946	0.004
1.948	-0.014
1.95	0.002
1.952	0.008
1.954	0.004
1.956	0
1.958	0.012
1.96	-0.002
1.962	-0.016
1.964	0.008
1.966	-0.01
1.968	0.016
1.97	0.014
1.972	-0.006
1.974	0
1.976	0
1.978	-0.01
1.98	-0.008
1.982	0.012
1.984	-0.004
1.986	0.026
1.988	0.018
1.99	-0.016
1.992	0
1.994	-0.01
1.996	-0.008
1.998	0
2	0.012
2.002	-0.004
2.004	0.026
2.006	0.012
2.008	-0.018
2.01	0.004
2.012	-0.014
2.014	0
2.016	0.006
2.018	0.006
2.02	-0.002
2.022	0.016
2.024	0.002
2.026	-0.014
2.028	0.008
2.03	-0.012
2.032	0.014
2.034	0.012
2.036	-0.004
2.038	-0.002
2.04	0.002
2.042	-0.008
2.044	-0.008
2.046	0.01
2.048	-0.006
2.05	0.024
2.052	0.016
2.054	-0.014
2.056	0
2.058	-0.01
2.06	-0.01
2.062	0
2.064	0.012
2.066	0
2.068	0.028
2.07	0.014
2.072	-0.016
2.074	0.004
2.076	-0.014
2.078	-0.002
2.08	0.008
2.082	0.008
2.084	-0.002
2.086	0.018
2.088	0.006
2.09	-0.016
2.092	0.006
2.094	-0.014
2.096	0.012
2.098	0.014
2.1	-0.002
2.102	-0.004
2.104	0.004
2.106	-0.004
2.108	-0.01
2.11	0.01
2.112	-0.006
2.114	0.024
2.116	0.016
2.118	-0.01
2.12	0
2.122	-0.01
2.124	-0.012
2.126	0
2.128	0.01
2.13	-0.002
2.132	0.026
2.134	0.012
2.136	-0.016
2.138	0.002
2.14	-0.016
2.142	-0.004
2.144	0.006
2.146	0.008
2.148	0
2.15	0.022
2.152	0.008
2.154	-0.016
2.156	0.006
2.158	-0.014
2.16	0.008
2.162	0.012
2.164	0
2.166	0
2.168	0.008
2.17	-0.002
2.172	-0.01
2.174	0.008
2.176	-0.008
2.178	0.024
2.18	0.014
2.182	-0.01
2.184	-0.002
2.186	-0.006
2.188	-0.008
2.19	-0.002
2.192	0.008
2.194	-0.004
2.196	0.028
2.198	0.014
2.2	-0.014
2.202	0
2.204	-0.016
2.206	-0.008
2.208	0.006
2.21	0.008
2.212	-0.002
2.214	0.022
2.216	0.008
2.218	-0.016
2.22	0.008
2.222	-0.016
2.224	0.004
2.226	0.012
2.228	0.004
2.23	0
2.232	0.008
2.234	-0.002
2.236	-0.01
2.238	0.01
2.24	-0.008
2.242	0.018
2.244	0.014
2.246	-0.008
2.248	0
2.25	-0.004
2.252	-0.008
2.254	-0.004
2.256	0.008
2.258	-0.002
2.26	0.028
2.262	0.014
2.264	-0.016
2.266	0.002
2.268	-0.016
2.27	-0.008
2.272	0.004
2.274	0.006
2.276	-0.002
2.278	0.024
2.28	0.008
2.282	-0.014
2.284	0.004
2.286	-0.016
2.288	0
2.29	0.01
2.292	0.002
2.294	0
2.296	0.012
2.298	0.002
2.3	-0.01
2.302	0.008
2.304	-0.012
2.306	0.016
2.308	0.014
2.31	-0.004
2.312	0
2.314	-0.002
2.316	-0.006
2.318	-0.004
2.32	0.008
2.322	-0.006
2.324	0.024
2.326	0.014
2.328	-0.012
2.33	0
2.332	-0.012
2.334	-0.008
2.336	0.004
2.338	0.008
2.34	0
2.342	0.026
2.344	0.01
2.346	-0.014
2.348	0.004
2.35	-0.016
2.352	0
2.354	0.01
2.356	0.004
2.358	0
2.36	0.014
2.362	0.002
2.364	-0.01
2.366	0.008
2.368	-0.014
2.37	0.01
2.372	0.012
2.374	-0.002
2.376	0
2.378	0
2.38	-0.004
2.382	-0.004
2.384	0.01
2.386	-0.008
2.388	0.024
2.39	0.014
2.392	-0.008
2.394	0.002
2.396	-0.012
2.398	-0.008
2.4	0.004
2.402	0.01
2.404	0
2.406	0.028
2.408	0.008
2.41	-0.012
2.412	0.004
2.414	-0.016
2.416	0
2.418	0.008
2.42	0.004
2.422	0
2.424	0.016
2.426	0.002
2.428	-0.014
2.43	0.006
2.432	-0.014
2.434	0.008
2.436	0.01
2.438	-0.002
2.44	0
2.442	0.002
2.444	-0.004
2.446	-0.006
2.448	0.008
2.45	-0.008
2.452	0.02
2.454	0.014
2.456	-0.006
2.458	0
2.46	-0.012
2.462	-0.006
2.464	0.002
2.466	0.008
2.468	0
2.47	0.026
2.472	0.008
2.474	-0.012
2.476	0.002
2.478	-0.018
2.48	-0.002
2.482	0.008
2.484	0.006
2.486	0
2.488	0.02
2.49	0.004
2.492	-0.01
2.494	0.006
2.496	-0.014
2.498	0.008
2.5	0.012
2.502	0
2.504	0
2.506	0.006
2.508	-0.002
2.51	-0.006
2.512	0.008
2.514	-0.008
2.516	0.018
2.518	0.012
2.52	-0.006
2.522	0
2.524	-0.01
2.526	-0.006
2.528	0
2.53	0.008
2.532	-0.002
2.534	0.024
2.536	0.01
2.538	-0.01
2.54	0
2.542	-0.024
2.544	-0.004
2.546	0.008
2.548	0.008
2.55	0
2.552	0.022
2.554	0.006
2.556	-0.01
2.558	0.006
2.56	-0.016
2.562	0.004
2.564	0.012
2.566	0
2.568	0
2.57	0.008
2.572	-0.002
2.574	-0.008
2.576	0.008
2.578	-0.01
2.58	0.016
2.582	0.012
2.584	-0.006
2.586	0
2.588	-0.008
2.59	-0.004
2.592	0
2.594	0.008
2.596	-0.002
2.598	0.024
2.6	0.01
2.602	-0.008
2.604	0.002
2.606	-0.016
2.608	-0.006
2.61	0.008
2.612	0.006
2.614	0
2.616	0.022
2.618	0.004
2.62	-0.01
2.622	0.004
2.624	-0.018
2.626	0.004
2.628	0.012
2.63	0.002
2.632	0.002
2.634	0.012
2.636	0
2.638	-0.006
2.64	0.008
2.642	-0.012
2.644	0.014
2.646	0.014
2.648	-0.004
2.65	0.002
2.652	-0.006
2.654	-0.004
2.656	-0.002
2.658	0.01
2.66	-0.002
2.662	0.022
2.664	0.012
2.666	-0.006
2.668	0.002
2.67	-0.018
2.672	-0.004
2.674	0.006
2.676	0.006
2.678	0
2.68	0.022
2.682	0.004
2.684	-0.008
2.686	0.004
2.688	-0.018
2.69	0
2.692	0.01
2.694	0.002
2.696	0.002
2.698	0.012
2.7	0.002
2.702	-0.006
2.704	0.006
2.706	-0.014
2.708	0.01
2.71	0.012
2.712	-0.002
2.714	0
2.716	-0.004
2.718	-0.004
2.72	-0.002
2.722	0.008
2.724	-0.006
2.726	0.02
2.728	0.012
2.73	-0.008
2.732	0.002
2.734	-0.016
2.736	-0.004
2.738	0.006
2.74	0.008
2.742	0
2.744	0.022
2.746	0.006
2.748	-0.008
2.75	0.002
2.752	-0.02
2.754	0
2.756	0.01
2.758	0.004
2.76	0
2.762	0.014
2.764	0
2.766	-0.006
2.768	0.006
2.77	-0.016
2.772	0.008
2.774	0.012
2.776	-0.002
2.778	0.002
2.78	0
2.782	-0.004
2.784	-0.004
2.786	0.006
2.788	-0.008
2.79	0.018
2.792	0.01
2.794	-0.004
2.796	0
2.798	-0.012
2.8	-0.004
2.802	0.004
2.804	0.008
2.806	0
2.808	0.022
2.81	0.006
2.812	-0.006
2.814	0.002
2.816	-0.02
2.818	0
2.82	0.008
2.822	0.006
2.824	0.002
2.826	0.014
2.828	0
2.83	-0.004
2.832	0.006
2.834	-0.016
2.836	0.008
2.838	0.01
2.84	0
2.842	0
2.844	0.002
2.846	-0.004
2.848	-0.002
2.85	0.008
2.852	-0.008
2.854	0.016
2.856	0.01
2.858	-0.004
2.86	0
2.862	-0.012
2.864	-0.002
2.866	0.004
2.868	0.006
2.87	0
2.872	0.02
2.874	0.008
2.876	-0.006
2.878	0.002
2.88	-0.018
2.882	0
2.884	0.008
2.886	0.006
2.888	0.004
2.89	0.016
2.892	0.002
2.894	-0.006
2.896	0.004
2.898	-0.018
2.9	0.008
2.902	0.012
2.904	0.002
2.906	0.002
2.908	0.004
2.91	-0.002
2.912	-0.002
2.914	0.006
2.916	-0.01
2.918	0.014
2.92	0.01
2.922	-0.004
2.924	0
2.926	-0.01
2.928	-0.004
2.93	0.002
2.932	0.008
2.934	-0.002
2.936	0.018
2.938	0.008
2.94	-0.006
2.942	0
2.944	-0.018
2.946	0.002
2.948	0.008
2.95	0.006
2.952	0.004
2.954	0.016
2.956	0.002
2.958	-0.002
2.96	0.002
2.962	-0.02
2.964	0.006
2.966	0.012
2.968	0.002
2.97	0.004
2.972	0.008
2.974	-0.002
2.976	-0.004
2.978	0.006
2.98	-0.012
2.982	0.012
2.984	0.012
2.986	-0.002
2.988	0
2.99	-0.008
2.992	-0.004
2.994	0.004
2.996	0.006
2.998	-0.004
3	0.022
3.002	0.008
3.004	-0.006
3.006	0.002
3.008	-0.016
3.01	-0.002
3.012	0.006
3.014	0.006
3.016	0.004
3.018	0.016
3.02	0.002
3.022	-0.004
3.024	0.002
3.026	-0.02
3.028	0.006
3.03	0.01
3.032	0.004
3.034	0.006
3.036	0.008
3.038	-0.004
3.04	0
3.042	0.006
3.044	-0.014
3.046	0.012
3.048	0.012
3.05	-0.002
3.052	0.002
3.054	-0.004
3.056	-0.006
3.058	0.002
3.06	0.008
3.062	-0.004
3.064	0.016
3.066	0.008
3.068	-0.004
3.07	0
3.072	-0.016
3.074	-0.002
3.076	0.008
3.078	0.006
3.08	0.002
3.082	0.016
3.084	0.004
3.086	-0.004
3.088	0.002
3.09	-0.02
3.092	0.002
3.094	0.008
3.096	0.004
3.098	0.006
3.1	0.01
3.102	-0.002
3.104	-0.002
3.106	0.006
3.108	-0.016
3.11	0.01
3.112	0.01
3.114	0
3.116	0.004
3.118	-0.004
3.12	-0.004
3.122	0.002
3.124	0.008
3.126	-0.008
3.128	0.014
3.13	0.008
3.132	-0.002
3.134	0.002
3.136	-0.014
3.138	-0.004
3.14	0.006
3.142	0.006
3.144	0.002
3.146	0.016
3.148	0.004
3.15	-0.002
3.152	0
3.154	-0.02
3.156	0.002
3.158	0.008
3.16	0.004
3.162	0.006
3.164	0.01
3.166	-0.002
3.168	-0.002
3.17	0.004
3.172	-0.018
3.174	0.008
3.176	0.01
3.178	0
3.18	0.004
3.182	0
3.184	-0.004
3.186	0
3.188	0.006
3.19	-0.008
3.192	0.014
3.194	0.008
3.196	-0.004
3.198	0.004
3.2	-0.012
3.202	-0.004
3.204	0.006
3.206	0.008
3.208	0
3.21	0.016
3.212	0.004
3.214	-0.002
3.216	0
3.218	-0.02
3.22	0.002
3.222	0.008
3.224	0.004
3.226	0.006
3.228	0.01
3.23	0
3.232	-0.002
3.234	0.002
3.236	-0.016
3.238	0.008
3.24	0.01
3.242	0.002
3.244	0.006
3.246	0
3.248	-0.006
3.25	0.002
3.252	0.006
3.254	-0.01
3.256	0.014
3.258	0.008
3.26	-0.002
3.262	0.002
3.264	-0.01
3.266	-0.004
3.268	0.006
3.27	0.008
3.272	0
3.274	0.016
3.276	0.006
3.278	-0.004
3.28	0.002
3.282	-0.018
3.284	0
3.286	0.008
3.288	0.006
3.29	0.006
3.292	0.012
3.294	0.002
3.296	0
3.298	0.002
3.3	-0.018
3.302	0.006
3.304	0.008
3.306	0.002
3.308	0.006
3.31	0.004
3.312	-0.006
3.314	0
3.316	0.006
3.318	-0.012
3.32	0.012
3.322	0.008
3.324	0
3.326	0.002
3.328	-0.01
3.33	-0.006
3.332	0.004
3.334	0.006
3.336	-0.002
3.338	0.014
3.34	0.004
3.342	-0.002
3.344	0
3.346	-0.018
3.348	0
3.35	0.008
3.352	0.008
3.354	0.004
3.356	0.01
3.358	0.002
3.36	0
3.362	0
3.364	-0.018
3.366	0.006
3.368	0.008
3.37	0.004
3.372	0.008
3.374	0.004
3.376	-0.004
3.378	0
3.38	0.004
3.382	-0.014
3.384	0.012
3.386	0.008
3.388	0
3.39	0.006
3.392	-0.006
3.394	-0.004
3.396	0.004
3.398	0.006
3.4	-0.002
3.402	0.016
3.404	0.006
3.406	-0.002
3.408	0.002
3.41	-0.016
3.412	-0.002
3.414	0.006
3.416	0.008
3.418	0.004
3.42	0.012
3.422	0.002
3.424	0
3.426	0.002
3.428	-0.018
3.43	0.002
3.432	0.01
3.434	0.004
3.436	0.008
3.438	0.004
3.44	-0.002
3.442	0.002
3.444	0.004
3.446	-0.014
3.448	0.012
3.45	0.008
3.452	0
3.454	0.006
3.456	-0.006
3.458	-0.002
3.46	0.004
3.462	0.008
3.464	-0.006
3.466	0.014
3.468	0.006
3.47	-0.002
3.472	0.004
3.474	-0.016
3.476	-0.002
3.478	0.006
3.48	0.006
3.482	0.002
3.484	0.012
3.486	0.002
3.488	0
3.49	0.002
3.492	-0.018
3.494	0.002
3.496	0.008
3.498	0.006
3.5	0.008
3.502	0.006
3.504	-0.002
3.506	0
3.508	0.002
3.51	-0.016
3.512	0.008
3.514	0.006
3.516	0.002
3.518	0.006
3.52	-0.006
3.522	-0.004
3.524	0.006
3.526	0.006
3.528	-0.006
3.53	0.014
3.532	0.006
3.534	0
3.536	0.004
3.538	-0.012
3.54	-0.004
3.542	0.008
3.544	0.006
3.546	0
3.548	0.01
3.55	0.002
3.552	-0.002
3.554	0.004
3.556	-0.018
3.558	0.002
3.56	0.006
3.562	0.006
3.564	0.008
3.566	0.006
3.568	-0.002
3.57	0
3.572	0.004
3.574	-0.016
3.576	0.006
3.578	0.006
3.58	0.002
3.582	0.008
3.584	-0.004
3.586	-0.004
3.588	0.006
3.59	0.004
3.592	-0.008
3.594	0.012
3.596	0.006
3.598	0.002
3.6	0.006
3.602	-0.014
3.604	-0.004
3.606	0.006
3.608	0.006
3.61	0
3.612	0.014
3.614	0.004
3.616	-0.002
3.618	0.002
3.62	-0.018
3.622	0
3.624	0.006
3.626	0.006
3.628	0.006
3.63	0.008
3.632	-0.002
3.634	0
3.636	0.002
3.638	-0.016
3.64	0.006
3.642	0.006
3.644	0.004
3.646	0.008
3.648	-0.004
3.65	-0.004
3.652	0.004
3.654	0.002
3.656	-0.01
3.658	0.01
3.66	0.006
3.662	0
3.664	0.006
3.666	-0.012
3.668	-0.004
3.67	0.006
3.672	0.006
3.674	0
3.676	0.014
3.678	0.002
3.68	0
3.682	0.002
3.684	-0.016
3.686	0
3.688	0.008
3.69	0.006
3.692	0.006
3.694	0.008
3.696	0
3.698	0.002
3.7	0.002
3.702	-0.016
3.704	0.004
3.706	0.006
3.708	0.004
3.71	0.008
3.712	-0.002
3.714	-0.004
3.716	0.004
3.718	0.004
3.72	-0.012
3.722	0.01
3.724	0.006
3.726	0.002
3.728	0.008
3.73	-0.01
3.732	-0.006
3.734	0.004
3.736	0.006
3.738	-0.002
3.74	0.014
3.742	0.002
3.744	0
3.746	0.004
3.748	-0.016
3.75	0
3.752	0.008
3.754	0.006
3.756	0.006
3.758	0.01
3.76	0
3.762	0.002
3.764	0
3.766	-0.016
3.768	0.004
3.77	0.006
3.772	0.006
3.774	0.01
3.776	0
3.778	-0.004
3.78	0.004
3.782	0.002
3.784	-0.012
3.786	0.008
3.788	0.004
3.79	0.004
3.792	0.008
3.794	-0.01
3.796	-0.004
3.798	0.006
3.8	0.004
3.802	-0.004
3.804	0.012
3.806	0
3.808	0
3.81	0.006
3.812	-0.016
3.814	-0.002
3.816	0.006
3.818	0.006
3.82	0.004
3.822	0.008
3.824	0
3.826	0
3.828	0.002
3.83	-0.018
3.832	0.002
3.834	0.006
3.836	0.006
3.838	0.008
3.84	0.002
3.842	-0.002
3.844	0.004
3.846	0.002
3.848	-0.012
3.85	0.008
3.852	0.006
3.854	0.004
3.856	0.008
3.858	-0.008
3.86	-0.004
3.862	0.006
3.864	0.004
3.866	-0.004
3.868	0.012
3.87	0.002
3.872	0.002
3.874	0.006
3.876	-0.016
3.878	-0.002
3.88	0.006
3.882	0.008
3.884	0.002
3.886	0.01
3.888	0
3.89	0.002
3.892	0.002
3.894	-0.016
3.896	0.002
3.898	0.008
3.9	0.006
3.902	0.008
3.904	0.002
3.906	-0.004
3.908	0.002
3.91	0.002
3.912	-0.012
3.914	0.008
3.916	0.004
3.918	0.006
3.92	0.008
3.922	-0.004
3.924	-0.004
3.926	0.004
3.928	0.004
3.93	-0.006
3.932	0.012
3.934	0.004
3.936	0.002
3.938	0.006
3.94	-0.016
3.942	-0.002
3.944	0.006
3.946	0.006
3.948	0.002
3.95	0.008
3.952	0
3.954	0.004
3.956	0.004
3.958	-0.016
3.96	0
3.962	0.006
3.964	0.008
3.966	0.008
3.968	0.006
3.97	-0.002
3.972	0.002
3.974	0.002
3.976	-0.012
3.978	0.006
3.98	0.004
3.982	0.006
3.984	0.008
3.986	-0.004
3.988	-0.004
3.99	0.006
3.992	0.004
3.994	-0.008
3.996	0.012
3.998	0
4	0.004
4.002	0.008
4.004	-0.012
4.006	-0.004
4.008	0.006
4.01	0.006
4.012	0.002
4.014	0.01
4.016	0
4.018	0.002
4.02	0.004
4.022	-0.016
4.024	0
4.026	0.008
4.028	0.008
4.03	0.008
4.032	0.006
4.034	-0.002
4.036	0.004
4.038	0.002
4.04	-0.014
4.042	0.006
4.044	0.004
4.046	0.006
4.048	0.008
4.05	-0.004
4.052	-0.004
4.054	0.006
4.056	0.002
4.058	-0.008
4.06	0.008
4.062	0.002
4.064	0.006
4.066	0.008
4.068	-0.012
4.07	-0.004
4.072	0.006
4.074	0.004
4.076	0.002
4.078	0.01
4.08	-0.002
4.082	0.004
4.084	0.004
4.086	-0.016
4.088	0
4.09	0.006
4.092	0.006
4.094	0.006
4.096	0.006
4.098	-0.002
4.1	0.004
4.102	0.004
4.104	-0.014
4.106	0.004
4.108	0.006
4.11	0.008
4.112	0.008
4.114	-0.002
4.116	-0.004
4.118	0.004
4.12	-0.002
4.122	-0.01
4.124	0.006
4.126	0.002
4.128	0.006
4.13	0.008
4.132	-0.01
4.134	-0.004
4.136	0.006
4.138	0.004
4.14	0
4.142	0.008
4.144	0
4.146	0.004
4.148	0.006
4.15	-0.016
4.152	-0.002
4.154	0.006
4.156	0.006
4.158	0.008
4.16	0.006
4.162	-0.002
4.164	0.004
4.166	0.004
4.168	-0.014
4.17	0.002
4.172	0.006
4.174	0.008
4.176	0.01
4.178	0
4.18	-0.002
4.182	0.004
4.184	0
4.186	-0.008
4.188	0.006
4.19	0.002
4.192	0.006
4.194	0.008
4.196	-0.008
4.198	-0.002
4.2	0.006
4.202	0.004
4.204	0
4.206	0.008
4.208	0
4.21	0.006
4.212	0.006
4.214	-0.016
4.216	0
4.218	0.006
4.22	0.006
4.222	0.006
4.224	0.008
4.226	-0.002
4.228	0.002
4.23	0.002
4.232	-0.016
4.234	0.002
4.236	0.004
4.238	0.008
4.24	0.008
4.242	0
4.244	-0.004
4.246	0.002
4.248	0.002
4.25	-0.01
4.252	0.008
4.254	0.004
4.256	0.006
4.258	0.008
4.26	-0.008
4.262	-0.004
4.264	0.004
4.266	0.002
4.268	0
4.27	0.008
4.272	-0.002
4.274	0.006
4.276	0.006
4.278	-0.012
4.28	-0.002
4.282	0.006
4.284	0.006
4.286	0.004
4.288	0.008
4.29	-0.004
4.292	0.002
4.294	0.004
4.296	-0.014
4.298	0.004
4.3	0.006
4.302	0.006
4.304	0.008
4.306	0.002
4.308	-0.004
4.31	0.004
4.312	0.002
4.314	-0.012
4.316	0.006
4.318	0.002
4.32	0.008
4.322	0.008
4.324	-0.006
4.326	-0.004
4.328	0.004
4.33	0.004
4.332	-0.004
4.334	0.006
4.336	-0.002
4.338	0.006
4.34	0.008
4.342	-0.012
4.344	0
4.346	0.006
4.348	0.006
4.35	0.004
4.352	0.008
4.354	-0.004
4.356	0.004
4.358	0.004
4.36	-0.016
4.362	0
4.364	0.006
4.366	0.006
4.368	0.01
4.37	0.004
4.372	-0.004
4.374	0.002
4.376	0.002
4.378	-0.012
4.38	0.004
4.382	0
4.384	0.008
4.386	0.01
4.388	-0.006
4.39	-0.004
4.392	0.004
4.394	0.002
4.396	-0.004
4.398	0.006
4.4	0
4.402	0.008
4.404	0.006
4.406	-0.01
4.408	0
4.41	0.004
4.412	0.004
4.414	0.004
4.416	0.008
4.418	-0.004
4.42	0.006
4.422	0.006
4.424	-0.014
4.426	0
4.428	0.004
4.43	0.006
4.432	0.01
4.434	0.004
4.436	-0.002
4.438	0.002
4.44	0.002
4.442	-0.01
4.444	0.004
4.446	0.002
4.448	0.008
4.45	0.01
4.452	-0.004
4.454	-0.002
4.456	0.004
4.458	0.002
4.46	-0.006
4.462	0.006
4.464	-0.002
4.466	0.008
4.468	0.008
4.47	-0.01
4.472	-0.002
4.474	0.004
4.476	0.004
4.478	0.004
4.48	0.006
4.482	-0.004
4.484	0.008
4.486	0.006
4.488	-0.014
4.49	0
4.492	0.006
4.494	0.006
4.496	0.01
4.498	0.004
4.5	-0.004
4.502	0.004
4.504	0.002
4.506	-0.014
4.508	0.004
4.51	0.002
4.512	0.008
4.514	0.01
4.516	-0.002
4.518	-0.004
4.52	0.004
4.522	0.002
4.524	-0.006
4.526	0.004
4.528	0
4.53	0.008
4.532	0.008
4.534	-0.008
4.536	-0.002
4.538	0.002
4.54	0.004
4.542	0.004
4.544	0.006
4.546	-0.004
4.548	0.008
4.55	0.006
4.552	-0.014
4.554	0
4.556	0.004
4.558	0.008
4.56	0.008
4.562	0.004
4.564	-0.004
4.566	0.004
4.568	0.004
4.57	-0.012
4.572	0.002
4.574	0.002
4.576	0.008
4.578	0.01
4.58	-0.002
4.582	-0.002
4.584	0.004
4.586	0
4.588	-0.006
4.59	0.006
4.592	0
4.594	0.008
4.596	0.01
4.598	-0.008
4.6	-0.002
4.602	0.002
4.604	0.004
4.606	0.002
4.608	0.006
4.61	-0.002
4.612	0.008
4.614	0.006
4.616	-0.012
4.618	0
4.62	0.004
4.622	0.004
4.624	0.008
4.626	0.004
4.628	-0.004
4.63	0.002
4.632	0.004
4.634	-0.012
4.636	0.002
4.638	0.002
4.64	0.008
4.642	0.01
4.644	0
4.646	-0.004
4.648	0.004
4.65	0.002
4.652	-0.008
4.654	0.004
4.656	0.002
4.658	0.008
4.66	0.008
4.662	-0.006
4.664	-0.004
4.666	0.002
4.668	0.002
4.67	0
4.672	0.006
4.674	-0.002
4.676	0.008
4.678	0.006
4.68	-0.012
4.682	-0.002
4.684	0.004
4.686	0.004
4.688	0.006
4.69	0.006
4.692	-0.004
4.694	0.006
4.696	0.004
4.698	-0.012
4.7	0.002
4.702	0.002
4.704	0.008
4.706	0.01
4.708	0
4.71	-0.004
4.712	0.004
4.714	0.002
4.716	-0.008
4.718	0.004
4.72	0
4.722	0.008
4.724	0.01
4.726	-0.004
4.728	-0.002
4.73	0
4.732	0.002
4.734	0
4.736	0.006
4.738	-0.002
4.74	0.008
4.742	0.006
4.744	-0.01
4.746	0
4.748	0.004
4.75	0.004
4.752	0.006
4.754	0.004
4.756	-0.004
4.758	0.008
4.76	0.002
4.762	-0.012
4.764	0.002
4.766	0
4.768	0.008
4.77	0.01
4.772	0
4.774	0
4.776	0.006
4.778	0.002
4.78	-0.008
4.782	0.004
4.784	0
4.786	0.008
4.788	0.01
4.79	-0.004
4.792	-0.004
4.794	0.004
4.796	0.002
4.798	-0.002
4.8	0.004
4.802	0
4.804	0.008
4.806	0.006
4.808	-0.008
4.81	0
4.812	0.004
4.814	0.004
4.816	0.004
4.818	0.004