-0.5	0
-0.498	0
-0.496	0.002
-0.494	0.002
-0.492	0.002
-0.49	0.002
-0.488	0
-0.486	0.002
-0.484	0.002
-0.482	0.004
-0.48	0.002
-0.478	0.002
-0.476	0
-0.474	0.002
-0.472	0
-0.47	0.004
-0.468	0.002
-0.466	0.002
-0.464	0
-0.462	0.002
-0.46	0.002
-0.458	0.002
-0.456	0.002
-0.454	0.002
-0.452	0.002
-0.45	0
-0.448	0.002
-0.446	0.002
-0.444	0.004
-0.442	0.002
-0.44	0.004
-0.438	0.002
-0.436	0.004
-0.434	0.002
-0.432	0.002
-0.43	0
-0.428	0
-0.426	0.002
-0.424	0.002
-0.422	0.002
-0.42	0.002
-0.418	0.002
-0.416	0.002
-0.414	0.002
-0.412	0.004
-0.41	0.002
-0.408	0.002
-0.406	0.002
-0.404	0
-0.402	0
-0.4	0.002
-0.398	0.002
-0.396	0.002
-0.394	0.002
-0.392	0
-0.39	0
-0.388	0.002
-0.386	0.004
-0.384	0.002
-0.382	0.002
-0.38	0.002
-0.378	0.002
-0.376	0
-0.374	0.002
-0.372	0
-0.37	0.002
-0.368	0
-0.366	0
-0.364	0.002
-0.362	0.002
-0.36	0.002
-0.358	0
-0.356	0.002
-0.354	0.002
-0.352	0.002
-0.35	0
-0.348	0
-0.346	0
-0.344	0.002
-0.342	0.002
-0.34	0.002
-0.338	0.002
-0.336	0.002
-0.334	0
-0.332	0.002
-0.33	0.002
-0.328	0.002
-0.326	0.002
-0.324	0.002
-0.322	0.002
-0.32	0.002
-0.318	0.002
-0.316	0.004
-0.314	0.002
-0.312	0.002
-0.31	0.002
-0.308	0.002
-0.306	0
-0.304	0.002
-0.302	0.002
-0.3	0.002
-0.298	0.002
-0.296	0.004
-0.294	0.002
-0.292	0
-0.29	0.002
-0.288	0.002
-0.286	0.002
-0.284	0.002
-0.282	0.002
-0.28	0
-0.278	0.004
-0.276	0.002
-0.274	0.002
-0.272	0.002
-0.27	0
-0.268	0.002
-0.266	0
-0.264	0.002
-0.262	0.002
-0.26	0.002
-0.258	0.002
-0.256	0.002
-0.254	0
-0.252	0.002
-0.25	0.002
-0.248	0.002
-0.246	0.002
-0.244	0.002
-0.242	0.004
-0.24	0.002
-0.238	0.004
-0.236	0.004
-0.234	0
-0.232	0
-0.23	0.002
-0.228	0.002
-0.226	0.002
-0.224	0.002
-0.222	0.002
-0.22	0.002
-0.218	0.002
-0.216	0.002
-0.214	0.002
-0.212	0.002
-0.21	0.002
-0.208	0.002
-0.206	0.002
-0.204	0.004
-0.202	0.002
-0.2	0.002
-0.198	0.002
-0.196	0.002
-0.194	0.002
-0.192	0.002
-0.19	0
-0.188	0.002
-0.186	0.002
-0.184	0.002
-0.182	0.002
-0.18	0.002
-0.178	0.002
-0.176	0.002
-0.174	0.002
-0.172	0.002
-0.17	0
-0.168	0.002
-0.166	0.002
-0.164	0
-0.162	0
-0.16	0.002
-0.158	0.002
-0.156	0.002
-0.154	0.004
-0.152	0
-0.15	0.002
-0.148	0.002
-0.146	0.002
-0.144	0
-0.142	0.002
-0.14	0.004
-0.138	0.002
-0.136	0.004
-0.134	0.002
-0.132	0.002
-0.13	0.002
-0.128	0.002
-0.126	0.002
-0.124	0.002
-0.122	0.002
-0.12	0.004
-0.118	0.002
-0.116	0.002
-0.114	0.002
-0.112	0.002
-0.11	0.002
-0.108	0
-0.106	0.002
-0.104	0.002
-0.102	0.004
-0.1	0
-0.098	0.002
-0.096	0.004
-0.094	0.002
-0.092	0.002
-0.09	0.002
-0.088	0.002
-0.086	0.002
-0.084	0.002
-0.082	0
-0.08	0
-0.078	0.002
-0.076	0
-0.074	0.002
-0.072	0.002
-0.07	0.004
-0.068	0
-0.066	0.002
-0.064	0.002
-0.062	0.002
-0.06	0.002
-0.058	0.002
-0.056	0.002
-0.054	0.002
-0.052	0
-0.05	0.002
-0.048	0.002
-0.046	0.002
-0.044	0.004
-0.042	0.002
-0.04	0.002
-0.038	-0.002
-0.036	0
-0.034	0
-0.032	0
-0.03	0.002
-0.028	0.004
-0.026	0.006
-0.024	0
-0.022	0
-0.02	0.002
-0.018	0
-0.016	0
-0.014	0
-0.012	0
-0.01	0
-0.008	0
-0.006	-0.01
-0.004	-0.002
-0.002	0
0	0.066
0.002	0
0.004	0.04
0.006	0.012
0.008	-0.012
0.01	-0.082
0.012	0.044
0.014	-0.002
0.016	0.018
0.018	0.008
0.02	-0.024
0.022	-0.08
0.024	0.036
0.026	0.034
0.028	0
0.03	-0.024
0.032	0.052
0.034	-0.072
0.036	0.026
0.038	-0.038
0.04	0.03
0.042	-0.008
0.044	0.052
0.046	-0.118
0.048	-0.002
0.05	0.08
0.052	-0.006
0.054	-0.076
0.056	0.092
0.058	-0.008
0.06	-0.046
0.062	0.006
0.064	0.072
0.066	0
0.068	0.024
0.07	-0.042
0.072	0.056
0.074	0.012
0.076	0.024
0.078	-0.064
0.08	0.074
0.082	0.014
0.084	-0.008
0.086	-0.034
0.088	0.076
0.09	0.02
0.092	-0.01
0.094	-0.024
0.096	0.056
0.098	0.042
0.1	0.022
0.102	0.008
0.104	0.004
0.106	0.01
0.108	-0.032
0.11	0.05
0.112	0.022
0.114	-0.02
0.116	-0.022
0.118	0.032
0.12	-0.078
0.122	0.03
0.124	0.004
0.126	0.012
0.128	-0.016
0.13	-0.026
0.132	-0.066
0.134	0.028
0.136	-0.002
0.138	0.008
0.14	-0.034
0.142	0
0.144	-0.05
0.146	0.026
0.148	-0.01
0.15	0.012
0.152	-0.036
0.154	0.02
0.156	-0.018
0.158	-0.024
0.16	0.008
0.162	0.022
0.164	0.006
0.166	0
0.168	-0.034
0.17	-0.024
0.172	0.086
0.174	0.006
0.176	-0.044
0.178	0.066
0.18	-0.026
0.182	0.008
0.184	0.034
0.186	0.024
0.188	0.028
0.19	0.09
0.192	-0.044
0.194	0.038
0.196	0.076
0.198	0.01
0.2	-0.004
0.202	0.082
0.204	0.008
0.206	-0.038
0.208	0.02
0.21	0.034
0.212	-0.024
0.214	-0.016
0.216	-0.04
0.218	-0.002
0.22	0.036
0.222	-0.034
0.224	-0.072
0.226	0.002
0.228	0.038
0.23	-0.05
0.232	-0.048
0.234	0.07
0.236	0.012
0.238	-0.048
0.24	-0.008
0.242	0.024
0.244	0.002
0.246	0.046
0.248	-0.006
0.25	-0.004
0.252	0
0.254	-0.016
0.256	-0.008
0.258	0.018
0.26	0.004
0.262	-0.018
0.264	0.002
0.266	-0.052
0.268	-0.012
0.27	-0.004
0.272	-0.016
0.274	-0.008
0.276	0
0.278	-0.098
0.28	0.012
0.282	-0.014
0.284	-0.008
0.286	-0.01
0.288	0.03
0.29	-0.07
0.292	0
0.294	0.034
0.296	0.05
0.298	-0.034
0.3	0.03
0.302	0.034
0.304	-0.032
0.306	0.026
0.308	0.054
0.31	0.028
0.312	0.02
0.314	-0.012
0.316	-0.024
0.318	0.06
0.32	0.028
0.322	-0.016
0.324	0.034
0.326	0.018
0.328	-0.034
0.33	0.056
0.332	0.024
0.334	0.02
0.336	0.03
0.338	0.008
0.34	0.022
0.342	0.11
0.344	-0.02
0.346	-0.018
0.348	0.084
0.35	0.03
0.352	-0.034
0.354	0.008
0.356	0.064
0.358	-0.014
0.36	-0.034
0.362	-0.026
0.364	-0.004
0.366	0.002
0.368	0.012
0.37	-0.08
0.372	-0.038
0.374	0.022
0.376	-0.04
0.378	-0.072
0.38	0.012
0.382	0.016
0.384	-0.048
0.386	-0.024
0.388	-0.014
0.39	-0.042
0.392	0.01
0.394	0.006
0.396	-0.014
0.398	-0.016
0.4	-0.02
0.402	-0.05
0.404	0.03
0.406	-0.01
0.408	-0.004
0.41	-0.02
0.412	-0.006
0.414	-0.042
0.416	0.01
0.418	-0.002
0.42	-0.002
0.422	0.008
0.424	-0.028
0.426	-0.04
0.428	0.028
0.43	0.012
0.432	0.004
0.434	0.028
0.436	-0.044
0.438	-0.018
0.44	0.07
0.442	0.018
0.444	-0.02
0.446	0.042
0.448	0.022
0.45	-0.008
0.452	0.022
0.454	0.032
0.456	0.024
0.458	0.064
0.46	0.006
0.462	-0.024
0.464	0.082
0.466	0.036
0.468	-0.018
0.47	0.054
0.472	0.054
0.474	-0.022
0.476	0.03
0.478	0.04
0.48	0.034
0.482	0.002
0.484	0.012
0.486	0.02
0.488	0.042
0.49	-0.004
0.492	-0.012
0.494	0.018
0.496	0.022
0.498	-0.034
0.5	-0.042
0.502	0.026
0.504	0.024
0.506	-0.05
0.508	-0.054
0.51	0
0.512	-0.032
0.514	0.008
0.516	-0.02
0.518	-0.036
0.52	0.018
0.522	-0.04
0.524	-0.078
0.526	0.068
0.528	0
0.53	-0.046
0.532	0
0.534	0
0.536	-0.074
0.538	0.036
0.54	-0.02
0.542	-0.004
0.544	-0.024
0.546	-0.01
0.548	-0.078
0.55	0.032
0.552	0.006
0.554	-0.008
0.556	-0.032
0.558	0
0.56	-0.016
0.562	0.04
0.564	-0.014
0.566	0.024
0.568	0
0.57	0.026
0.572	-0.02
0.574	0.024
0.576	-0.01
0.578	0.06
0.58	0.02
0.582	-0.024
0.584	-0.032
0.586	0.07
0.588	0.012
0.59	-0.034
0.592	0.042
0.594	0.018
0.596	-0.012
0.598	0.006
0.6	0.012
0.602	-0.008
0.604	0.05
0.606	0.006
0.608	-0.01
0.61	0.004
0.612	0.044
0.614	-0.03
0.616	0.028
0.618	0.052
0.62	-0.01
0.622	-0.022
0.624	0.058
0.626	0.032
0.628	-0.004
0.63	0.006
0.632	0.024
0.634	0.024
0.636	0.014
0.638	-0.004
0.64	0.012
0.642	0.032
0.644	-0.012
0.646	-0.074
0.648	0.038
0.65	0.032
0.652	-0.032
0.654	-0.042
0.656	-0.004
0.658	-0.046
0.66	0.014
0.662	-0.012
0.664	-0.01
0.666	-0.002
0.668	-0.016
0.67	-0.088
0.672	0.066
0.674	0.018
0.676	-0.034
0.678	-0.016
0.68	0.03
0.682	-0.066
0.684	0.042
0.686	-0.01
0.688	0.008
0.69	0.006
0.692	-0.02
0.694	-0.058
0.696	0.044
0.698	0.004
0.7	0.004
0.702	-0.022
0.704	-0.008
0.706	-0.03
0.708	0.038
0.71	-0.006
0.712	0.006
0.714	-0.01
0.716	0.024
0.718	-0.016
0.72	0.008
0.722	-0.016
0.724	0.05
0.726	0.014
0.728	0
0.73	-0.02
0.732	0.032
0.734	0.008
0.736	0.008
0.738	0.002
0.74	0.042
0.742	-0.002
0.744	-0.012
0.746	0.004
0.748	0.014
0.75	0.024
0.752	-0.012
0.754	-0.002
0.756	0.018
0.758	0.006
0.76	-0.042
0.762	0.03
0.764	0.034
0.766	-0.006
0.768	-0.066
0.77	0.054
0.772	0.01
0.774	0.006
0.776	-0.028
0.778	0.016
0.78	-0.04
0.782	0.07
0.784	-0.044
0.786	0
0.788	0.016
0.79	0.024
0.792	-0.092
0.794	0.048
0.796	0.032
0.798	-0.02
0.8	-0.018
0.802	0.024
0.804	-0.05
0.806	0.03
0.808	0.014
0.81	0.004
0.812	0.014
0.814	-0.004
0.816	-0.048
0.818	0.06
0.82	0.03
0.822	-0.01
0.824	-0.016
0.826	0.024
0.828	-0.014
0.83	0.026
0.832	-0.012
0.834	0.022
0.836	0.02
0.838	0
0.84	-0.064
0.842	0.048
0.844	0.008
0.846	0.002
0.848	-0.004
0.85	0.004
0.852	-0.026
0.854	0.014
0.856	0.004
0.858	0.02
0.86	-0.002
0.862	0.016
0.864	-0.006
0.866	-0.014
0.868	0
0.87	0.036
0.872	-0.002
0.874	0.012
0.876	-0.014
0.878	-0.022
0.88	-0.006
0.882	0.008
0.884	-0.01
0.886	0.008
0.888	-0.008
0.89	-0.058
0.892	-0.01
0.894	0.022
0.896	-0.006
0.898	-0.024
0.9	-0.022
0.902	0.008
0.904	0.024
0.906	-0.044
0.908	0.004
0.91	0.052
0.912	0.002
0.914	-0.052
0.916	0.04
0.918	0.024
0.92	0.028
0.922	-0.026
0.924	0.002
0.926	-0.016
0.928	0.062
0.93	-0.034
0.932	-0.012
0.934	0.008
0.936	0.024
0.938	-0.088
0.94	0.058
0.942	0.002
0.944	-0.014
0.946	-0.038
0.948	0.048
0.95	-0.054
0.952	0.04
0.954	-0.014
0.956	0.016
0.958	0.006
0.96	0.032
0.962	-0.072
0.964	0.064
0.966	0.038
0.968	0
0.97	-0.014
0.972	0.044
0.974	-0.006
0.976	0.024
0.978	0
0.98	0.024
0.982	0.028
0.984	0.008
0.986	-0.018
0.988	-0.002
0.99	0.028
0.992	0.016
0.994	0.01
0.996	0.006
0.998	-0.006
1	-0.02
1.002	0.006
1.004	0.028
1.006	0.02
1.008	0
1.01	-0.01
1.012	-0.012
1.014	0.006
1.016	0.024
1.018	0.008
1.02	0.006
1.022	0.006
1.024	-0.038
1.026	0.006
1.028	0.01
1.03	-0.004
1.032	0.01
1.034	-0.008
1.036	-0.06
1.038	0.008
1.04	0.018
1.042	-0.012
1.044	-0.03
1.046	-0.012
1.048	-0.028
1.05	0.026
1.052	-0.026
1.054	-0.032
1.056	0.022
1.058	0.008
1.06	-0.054
1.062	0.014
1.064	0.014
1.066	0.008
1.068	-0.012
1.07	-0.02
1.072	-0.008
1.074	0.05
1.076	-0.038
1.078	-0.004
1.08	0.016
1.082	0.016
1.084	-0.062
1.086	0.042
1.088	0.018
1.09	-0.004
1.092	-0.03
1.094	0.026
1.096	-0.016
1.098	0.038
1.1	-0.026
1.102	0
1.104	0.024
1.106	0.042
1.108	-0.074
1.11	0.024
1.112	0.038
1.114	0.02
1.116	-0.04
1.118	0.044
1.12	-0.018
1.122	0.008
1.124	0.002
1.126	0.026
1.128	0.008
1.13	0.028
1.132	-0.022
1.134	0
1.136	0.016
1.138	0.034
1.14	0.01
1.142	0.024
1.144	0.018
1.146	-0.03
1.148	0.01
1.15	0.046
1.152	0.034
1.154	-0.004
1.156	0.014
1.158	-0.024
1.16	0.028
1.162	0.01
1.164	0.016
1.166	0.002
1.168	0.014
1.17	-0.04
1.172	0.008
1.174	-0.004
1.176	0.002
1.178	0
1.18	0.006
1.182	-0.066
1.184	0.014
1.186	0.004
1.188	-0.006
1.19	-0.016
1.192	-0.008
1.194	-0.036
1.196	0.024
1.198	-0.014
1.2	-0.018
1.202	0.006
1.204	0.016
1.206	-0.046
1.208	0.006
1.21	0.014
1.212	0.002
1.214	-0.02
1.216	0.002
1.218	-0.016
1.22	0.02
1.222	-0.026
1.224	-0.018
1.226	0.024
1.228	0
1.23	-0.048
1.232	0.002
1.234	0.024
1.236	0
1.238	-0.026
1.24	-0.008
1.242	0.006
1.244	0.02
1.246	-0.014
1.248	-0.014
1.25	0.028
1.252	0.04
1.254	-0.046
1.256	-0.008
1.258	0.042
1.26	0.03
1.262	-0.02
1.264	0.02
1.266	-0.008
1.268	0
1.27	0
1.272	0.026
1.274	0
1.276	0.028
1.278	-0.034
1.28	-0.022
1.282	0.02
1.284	0.02
1.286	-0.014
1.288	0.024
1.29	0.018
1.292	-0.028
1.294	-0.01
1.296	0.044
1.298	0.03
1.3	0.014
1.302	0.01
1.304	-0.012
1.306	0.024
1.308	0.042
1.31	0.006
1.312	0.014
1.314	0.038
1.316	-0.024
1.318	0.02
1.32	0.012
1.322	0.016
1.324	0.004
1.326	0.024
1.328	-0.038
1.33	0.012
1.332	-0.002
1.334	0.008
1.336	-0.002
1.338	0.006
1.34	-0.042
1.342	0.024
1.344	-0.014
1.346	-0.012
1.348	0.004
1.35	0.01
1.352	-0.042
1.354	0.008
1.356	-0.004
1.358	-0.004
1.36	-0.016
1.362	0.002
1.364	-0.008
1.366	0
1.368	-0.022
1.37	-0.012
1.372	0.01
1.374	0.02
1.376	-0.046
1.378	-0.026
1.38	0.024
1.382	0.008
1.384	-0.03
1.386	-0.022
1.388	0.012
1.39	-0.008
1.392	-0.012
1.394	-0.014
1.396	0.024
1.398	0.006
1.4	-0.022
1.402	-0.042
1.404	0.034
1.406	0.016
1.408	-0.006
1.41	-0.002
1.412	0.006
1.414	-0.02
1.416	0.004
1.418	0.008
1.42	0.03
1.422	0.014
1.424	-0.028
1.426	-0.028
1.428	0.036
1.43	0.03
1.432	-0.026
1.434	0.02
1.436	0.02
1.438	-0.012
1.44	-0.008
1.442	0.032
1.444	0.014
1.446	0.032
1.448	0
1.45	-0.016
1.452	0.01
1.454	0.046
1.456	0
1.458	0.002
1.46	0.026
1.462	-0.004
1.464	-0.004
1.466	0.028
1.468	0.006
1.47	0.006
1.472	0.026
1.474	-0.006
1.476	0.006
1.478	0.006
1.48	0.008
1.482	0.016
1.484	0.024
1.486	-0.014
1.488	0.01
1.49	0.004
1.492	0.004
1.494	0.016
1.496	0.018
1.498	-0.018
1.5	0.002
1.502	-0.002
1.504	-0.006
1.506	-0.004
1.508	0.004
1.51	-0.014
1.512	-0.002
1.514	-0.028
1.516	-0.018
1.518	0.004
1.52	0.006
1.522	-0.026
1.524	-0.044
1.526	0.008
1.528	0.016
1.53	-0.018
1.532	-0.018
1.534	0.004
1.536	-0.016
1.538	-0.006
1.54	-0.002
1.542	0.012
1.544	0.01
1.546	-0.022
1.548	-0.038
1.55	0.024
1.552	0.02
1.554	-0.014
1.556	-0.016
1.558	0.018
1.56	-0.03
1.562	-0.016
1.564	-0.004
1.566	0.028
1.568	0.002
1.57	-0.03
1.572	-0.046
1.574	0.032
1.576	0.02
1.578	-0.016
1.58	-0.014
1.582	0.026
1.584	-0.006
1.586	-0.008
1.588	0.014
1.59	0.022
1.592	0.03
1.594	0.006
1.596	-0.012
1.598	0.012
1.6	0.042
1.602	-0.004
1.604	0.024
1.606	0.018
1.608	0.008
1.61	-0.012
1.612	0.032
1.614	0.002
1.616	0.016
1.618	0.012
1.62	0.008
1.622	-0.014
1.624	0.02
1.626	-0.006
1.628	0.018
1.63	0.022
1.632	0.012
1.634	-0.016
1.636	0.012
1.638	0.008
1.64	0.024
1.642	0.02
1.644	0.004
1.646	-0.008
1.648	0.01
1.65	0.014
1.652	0.006
1.654	0
1.656	0.006
1.658	0
1.66	-0.006
1.662	-0.02
1.664	0.01
1.666	0.006
1.668	-0.018
1.67	-0.036
1.672	-0.002
1.674	0.002
1.676	-0.008
1.678	-0.018
1.68	-0.006
1.682	-0.026
1.684	-0.008
1.686	-0.004
1.688	0.004
1.69	0.002
1.692	-0.016
1.694	-0.042
1.696	0.016
1.698	0.018
1.7	-0.024
1.702	-0.012
1.704	0.014
1.706	-0.014
1.708	-0.028
1.71	0
1.712	0.022
1.714	0.012
1.716	-0.02
1.718	-0.036
1.72	0.008
1.722	0.028
1.724	-0.01
1.726	-0.012
1.728	0.014
1.73	0.006
1.732	-0.024
1.734	0.002
1.736	0.02
1.738	0.022
1.74	-0.006
1.742	-0.008
1.744	0.004
1.746	0.024
1.748	-0.006
1.75	0.014
1.752	0.032
1.754	0.002
1.756	-0.024
1.758	0.018
1.76	0.012
1.762	0.032
1.764	0.004
1.766	0.006
1.768	-0.004
1.77	0.03
1.772	-0.012
1.774	0.024
1.776	0.018
1.778	0.026
1.78	-0.02
1.782	0.014
1.784	-0.004
1.786	0.032
1.788	0.01
1.79	0.014
1.792	-0.022
1.794	0.016
1.796	0.006
1.798	0.02
1.8	-0.016
1.802	0.01
1.804	0
1.806	0.002
1.808	-0.01
1.81	0.008
1.812	0.006
1.814	0.002
1.816	-0.022
1.818	0.002
1.82	0.008
1.822	0.006
1.824	-0.01
1.826	0.004
1.828	-0.008
1.83	-0.004
1.832	-0.004
1.834	0.01
1.836	0.008
1.838	-0.012
1.84	-0.034
1.842	0.004
1.844	0.022
1.846	-0.024
1.848	-0.022
1.85	0.008
1.852	-0.016
1.854	-0.026
1.856	-0.01
1.858	0
1.86	0.014
1.862	-0.016
1.864	-0.03
1.866	-0.01
1.868	0.026
1.87	-0.01
1.872	-0.002
1.874	0.008
1.876	0.01
1.878	-0.032
1.88	0.008
1.882	0.018
1.884	0.028
1.886	-0.012
1.888	0.002
1.89	-0.002
1.892	0.016
1.894	-0.014
1.896	0.016
1.898	0.016
1.9	0.022
1.902	-0.042
1.904	-0.004
1.906	0.012
1.908	0.036
1.91	-0.006
1.912	-0.004
1.914	-0.008
1.916	0.024
1.918	-0.014
1.92	0.02
1.922	0.016
1.924	0.022
1.926	-0.016
1.928	0.012
1.93	-0.008
1.932	0.038
1.934	0.012
1.936	0.012
1.938	-0.016
1.94	0.016
1.942	0.002
1.944	0.022
1.946	-0.004
1.948	0.006
1.95	-0.008
1.952	0.006
1.954	-0.006
1.956	0.014
1.958	-0.004
1.96	0.002
1.962	-0.02
1.964	0
1.966	0.01
1.968	0.004
1.97	-0.016
1.972	0.006
1.974	0.006
1.976	-0.01
1.978	-0.002
1.98	0.008
1.982	0.022
1.984	-0.006
1.986	-0.022
1.988	0.006
1.99	0.028
1.992	-0.008
1.994	-0.014
1.996	0.008
1.998	0.008
2	-0.024
2.002	-0.004
2.004	-0.006
2.006	0.024
2.008	-0.006
2.01	-0.02
2.012	-0.018
2.014	0.024
2.016	-0.018
2.018	0.008
2.02	0.014
2.022	0.014
2.024	-0.038
2.026	0
2.028	0.008
2.03	0.038
2.032	-0.012
2.034	0.008
2.036	-0.012
2.038	0.018
2.04	-0.024
2.042	0.022
2.044	0.016
2.046	0.024
2.048	-0.032
2.05	-0.014
2.052	-0.002
2.054	0.042
2.056	-0.008
2.058	-0.004
2.06	-0.01
2.062	0.014
2.064	-0.018
2.066	0.016
2.068	0.004
2.07	0.01
2.072	-0.014
2.074	0.004
2.076	-0.008
2.078	0.02
2.08	0.002
2.082	0
2.084	-0.008
2.086	0.008
2.088	-0.002
2.09	0.012
2.092	-0.004
2.094	0.01
2.096	-0.006
2.098	-0.002
2.1	0
2.102	0.012
2.104	0.008
2.106	0.004
2.108	-0.01
2.11	0
2.112	0.024
2.114	-0.006
2.116	-0.002
2.118	0.01
2.12	0.022
2.122	-0.012
2.124	0
2.126	0.004
2.128	0.038
2.13	0.002
2.132	-0.014
2.134	-0.012
2.136	0.034
2.138	-0.008
2.14	0.008
2.142	0.002
2.144	0.018
2.146	-0.016
2.148	-0.004
2.15	-0.006
2.152	0.038
2.154	0.004
2.156	-0.008
2.158	-0.012
2.16	0.016
2.162	-0.018
2.164	0.012
2.166	0.016
2.168	0.012
2.17	-0.034
2.172	-0.01
2.174	-0.004
2.176	0.03
2.178	-0.016
2.18	-0.01
2.182	-0.008
2.184	0.008
2.186	-0.032
2.188	0
2.19	0.002
2.192	0.016
2.194	-0.024
2.196	-0.014
2.198	-0.01
2.2	0.026
2.202	-0.01
2.204	-0.006
2.206	-0.002
2.208	0.008
2.21	-0.016
2.212	0.004
2.214	0.006
2.216	0.002
2.218	-0.004
2.22	-0.004
2.222	-0.004
2.224	0.004
2.226	0.006
2.228	0.004
2.23	-0.004
2.232	0
2.234	0.006
2.236	-0.004
2.238	0.01
2.24	0.016
2.242	0.008
2.244	-0.01
2.246	0.01
2.248	0.006
2.25	0.034
2.252	0.016
2.254	0
2.256	-0.006
2.258	0.04
2.26	-0.002
2.262	0.016
2.264	0.022
2.266	0.024
2.268	-0.014
2.27	0
2.272	-0.008
2.274	0.056
2.276	0.008
2.278	-0.016
2.28	-0.02
2.282	0.022
2.284	-0.012
2.286	0.016
2.288	0.008
2.29	0.012
2.292	-0.016
2.294	-0.012
2.296	-0.01
2.298	0.028
2.3	0.004
2.302	-0.014
2.304	-0.006
2.306	0.006
2.308	-0.024
2.31	-0.008
2.312	0.006
2.314	0.006
2.316	-0.024
2.318	-0.026
2.32	-0.008
2.322	0.006
2.324	-0.018
2.326	-0.024
2.328	-0.002
2.33	0.002
2.332	-0.024
2.334	-0.018
2.336	-0.002
2.338	0.008
2.34	-0.008
2.342	-0.012
2.344	-0.006
2.346	0.008
2.348	0.006
2.35	0.004
2.352	0.004
2.354	0.006
2.356	0.002
2.358	-0.004
2.36	0.02
2.362	0.016
2.364	-0.002
2.366	-0.004
2.368	0.01
2.37	-0.004
2.372	0.022
2.374	0.02
2.376	-0.004
2.378	-0.002
2.38	0.02
2.382	-0.006
2.384	0.024
2.386	0.032
2.388	0.012
2.39	-0.006
2.392	0.008
2.394	0.004
2.396	0.044
2.398	0.028
2.4	-0.012
2.402	0
2.404	0.032
2.406	-0.006
2.408	0.008
2.41	0.016
2.412	0.022
2.414	-0.004
2.416	-0.016
2.418	-0.022
2.42	0.032
2.422	0.008
2.424	-0.02
2.426	-0.006
2.428	0.008
2.43	-0.018
2.432	-0.01
2.434	0.002
2.436	0.008
2.438	-0.004
2.44	-0.02
2.442	-0.01
2.444	0.004
2.446	-0.004
2.448	-0.012
2.45	0
2.452	0.004
2.454	-0.014
2.456	-0.032
2.458	0.014
2.46	0.01
2.462	-0.014
2.464	-0.03
2.466	0.002
2.468	-0.006
2.47	0.002
2.472	-0.008
2.474	-0.006
2.476	0
2.478	-0.002
2.48	-0.016
2.482	0.014
2.484	0.022
2.486	-0.008
2.488	-0.008
2.49	0.006
2.492	0.004
2.494	0.022
2.496	0.02
2.498	-0.006
2.5	0.004
2.502	0.006
2.504	0.002
2.506	0.022
2.508	0.028
2.51	-0.012
2.512	0.004
2.514	0.008
2.516	0
2.518	0.02
2.52	0.026
2.522	-0.012
2.524	0.006
2.526	0.014
2.528	-0.004
2.53	0
2.532	0.03
2.534	0.012
2.536	0.006
2.538	-0.014
2.54	0
2.542	0.02
2.544	0.02
2.546	-0.014
2.548	0
2.55	0.016
2.552	-0.006
2.554	-0.02
2.556	0.004
2.558	0.024
2.56	0.006
2.562	-0.02
2.564	-0.016
2.566	0.006
2.568	0.006
2.57	-0.008
2.572	-0.006
2.574	0.008
2.576	-0.008
2.578	-0.028
2.58	0.008
2.582	0.022
2.584	-0.012
2.586	-0.018
2.588	0.002
2.59	-0.004
2.592	0.006
2.594	-0.006
2.596	-0.006
2.598	0.002
2.6	0
2.602	-0.032
2.604	0.016
2.606	0.024
2.608	-0.014
2.61	-0.022
2.612	0.002
2.614	-0.002
2.616	0.012
2.618	0.008
2.62	-0.01
2.622	0.002
2.624	0
2.626	-0.008
2.628	0.006
2.63	0.024
2.632	-0.008
2.634	0.006
2.636	-0.002
2.638	0.002
2.64	0
2.642	0.032
2.644	-0.012
2.646	0.008
2.648	-0.006
2.65	0.002
2.652	-0.008
2.654	0.036
2.656	-0.002
2.658	0.012
2.66	-0.008
2.662	0.004
2.664	-0.002
2.666	0.028
2.668	-0.006
2.67	0.012
2.672	0.012
2.674	0.002
2.676	-0.028
2.678	0.024
2.68	0.026
2.682	0.008
2.684	-0.018
2.686	-0.002
2.688	0.008
2.69	0.016
2.692	0
2.694	-0.006
2.696	0.016
2.698	0.004
2.7	-0.022
2.702	0.002
2.704	0.032
2.706	-0.004
2.708	-0.016
2.71	-0.006
2.712	0.01
2.714	0.006
2.716	0.006
2.718	-0.016
2.72	0.014
2.722	-0.002
2.724	-0.016
2.726	0.002
2.728	0.032
2.73	-0.022
2.732	-0.02
2.734	0.002
2.736	0.002
2.738	-0.002
2.74	0.004
2.742	-0.014
2.744	0.006
2.746	0
2.748	-0.022
2.75	-0.006
2.752	0.026
2.754	-0.008
2.756	-0.012
2.758	-0.002
2.76	0
2.762	-0.008
2.764	0.018
2.766	-0.002
2.768	0.004
2.77	-0.004
2.772	-0.004
2.774	-0.018
2.776	0.024
2.778	0
2.78	0.008
2.782	-0.01
2.784	0.002
2.786	-0.02
2.788	0.03
2.79	0.004
2.792	0.014
2.794	-0.002
2.796	0.006
2.798	-0.02
2.8	0.032
2.802	0.016
2.804	0.012
2.806	-0.008
2.808	0.008
2.81	0
2.812	0.026
2.814	0.006
2.816	0.008
2.818	0.014
2.82	0.012
2.822	-0.022
2.824	0.006
2.826	0.038
2.828	0
2.83	-0.014
2.832	-0.004
2.834	0.016
2.836	0.004
2.838	0.008
2.84	-0.018
2.842	0.014
2.844	0.004
2.846	-0.01
2.848	-0.01
2.85	0.038
2.852	-0.014
2.854	-0.01
2.856	-0.008
2.858	0.018
2.86	-0.012
2.862	0.016
2.864	-0.018
2.866	0.014
2.868	-0.008
2.87	-0.018
2.872	-0.016
2.874	0.036
2.876	-0.016
2.878	-0.018
2.88	-0.01
2.882	0.004
2.884	-0.02
2.886	0.008
2.888	-0.008
2.89	0.008
2.892	-0.002
2.894	-0.014
2.896	-0.022
2.898	0.026
2.9	0.01
2.902	-0.002
2.904	-0.004
2.906	0
2.908	-0.012
2.91	0.018
2.912	0.012
2.914	0.004
2.916	-0.004
2.918	0.006
2.92	-0.016
2.922	0.014
2.924	0.012
2.926	0.01
2.928	-0.008
2.93	0.006
2.932	-0.01
2.934	0.016
2.936	0.01
2.938	0.006
2.94	0.006
2.942	0.012
2.944	-0.014
2.946	0.012
2.948	0.026
2.95	0.006
2.952	-0.008
2.954	0.01
2.956	0.012
2.958	0.008
2.96	0.008
2.962	-0.01
2.964	0.016
2.966	0.01
2.968	-0.01
2.97	-0.02
2.972	0.038
2.974	-0.004
2.976	-0.014
2.978	-0.012
2.98	0.014
2.982	-0.014
2.984	0.012
2.986	-0.016
2.988	0.014
2.99	-0.004
2.992	-0.01
2.994	-0.028
2.996	0.04
2.998	-0.004
3	-0.008
3.002	-0.012
3.004	0.014
3.006	-0.02
3.008	0.01
3.01	0
3.012	0.016
3.014	-0.008
3.016	-0.016
3.018	-0.024
3.02	0.032
3.022	0.012
3.024	-0.008
3.026	-0.012
3.028	0.006
3.03	-0.012
3.032	0.008
3.034	0.012
3.036	0.006
3.038	0.004
3.04	-0.004
3.042	-0.012
3.044	0.01
3.046	0.024
3.048	-0.002
3.05	0
3.052	0.002
3.054	-0.002
3.056	0.004
3.058	0.016
3.06	-0.004
3.062	0.002
3.064	0.008
3.066	-0.002
3.068	-0.006
3.07	0.016
3.072	0.002
3.074	-0.002
3.076	0.002
3.078	0.004
3.08	-0.004
3.082	0.006
3.084	-0.004
3.086	0.006
3.088	0.01
3.09	-0.012
3.092	-0.012
3.094	0.026
3.096	0.006
3.098	-0.012
3.1	-0.004
3.102	0.014
3.104	-0.01
3.106	0.008
3.108	-0.008
3.11	0.012
3.112	0.006
3.114	-0.012
3.116	-0.03
3.118	0.034
3.12	0.012
3.122	-0.012
3.124	-0.012
3.126	0.012
3.128	-0.016
3.13	0.01
3.132	0.004
3.134	0.018
3.136	-0.002
3.138	-0.006
3.14	-0.02
3.142	0.028
3.144	0.016
3.146	-0.004
3.148	-0.004
3.15	0.012
3.152	-0.008
3.154	-0.002
3.156	0.01
3.158	0.018
3.16	0.004
3.162	-0.008
3.164	-0.012
3.166	0.012
3.168	0.022
3.17	-0.002
3.172	-0.002
3.174	0.006
3.176	0.004
3.178	-0.01
3.18	0.014
3.182	0
3.184	0.008
3.186	0
3.188	-0.004
3.19	-0.016
3.192	0.016
3.194	0.002
3.196	-0.002
3.198	-0.006
3.2	0.002
3.202	-0.014
3.204	0.01
3.206	-0.002
3.208	0
3.21	0
3.212	-0.002
3.214	-0.02
3.216	0.014
3.218	0.008
3.22	-0.01
3.222	-0.004
3.224	0.004
3.226	-0.006
3.228	0.004
3.23	0.006
3.232	0.004
3.234	0.006
3.236	-0.016
3.238	-0.02
3.24	0.026
3.242	0.024
3.244	-0.014
3.246	-0.006
3.248	0.006
3.25	-0.002
3.252	0.006
3.254	0.008
3.256	0.012
3.258	0.01
3.26	-0.01
3.262	-0.016
3.264	0.024
3.266	0.024
3.268	-0.002
3.27	-0.002
3.272	0.016
3.274	0
3.276	-0.002
3.278	0.01
3.28	0.018
3.282	0.006
3.284	-0.008
3.286	-0.004
3.288	0.006
3.29	0.016
3.292	-0.004
3.294	-0.004
3.296	0.012
3.298	0.004
3.3	-0.024
3.302	0.006
3.304	0.014
3.306	0.006
3.308	-0.004
3.31	-0.004
3.312	-0.012
3.314	0.014
3.316	0.002
3.318	0
3.32	-0.004
3.322	0.004
3.324	-0.016
3.326	0.002
3.328	0
3.33	0
3.332	0
3.334	-0.008
3.336	-0.024
3.338	0.008
3.34	0.008
3.342	-0.006
3.344	-0.008
3.346	-0.004
3.348	-0.01
3.35	0.004
3.352	0.006
3.354	0
3.356	0.004
3.358	-0.01
3.36	-0.014
3.362	0.014
3.364	0.024
3.366	-0.008
3.368	0
3.37	0.002
3.372	0.006
3.374	0
3.376	0.012
3.378	0.01
3.38	0.016
3.382	-0.014
3.384	-0.012
3.386	0.012
3.388	0.03
3.39	-0.006
3.392	0
3.394	0.008
3.396	0.01
3.398	-0.01
3.4	0.008
3.402	0.018
3.404	0.016
3.406	-0.004
3.408	-0.004
3.41	0.006
3.412	0.018
3.414	0.002
3.416	0
3.418	0.014
3.42	0.006
3.422	-0.024
3.424	0.004
3.426	0.02
3.428	0.004
3.43	-0.01
3.432	-0.006
3.434	-0.006
3.436	0.006
3.438	0
3.44	-0.01
3.442	0.006
3.444	0.004
3.446	-0.018
3.448	-0.006
3.45	0.014
3.452	0.004
3.454	-0.004
3.456	-0.01
3.458	-0.008
3.46	0.01
3.462	0.012
3.464	-0.006
3.466	-0.002
3.468	-0.006
3.47	0
3.472	0
3.474	0.006
3.476	-0.002
3.478	0.008
3.48	-0.01
3.482	-0.01
3.484	0.002
3.486	0.02
3.488	-0.006
3.49	-0.002
3.492	-0.004
3.494	0.004
3.496	-0.004
3.498	0.012
3.5	0.006
3.502	0.018
3.504	-0.01
3.506	-0.006
3.508	0.004
3.51	0.026
3.512	0
3.514	0.004
3.516	0.006
3.518	0.012
3.52	-0.016
3.522	0
3.524	0.016
3.526	0.022
3.528	-0.01
3.53	-0.008
3.532	-0.004
3.534	0.016
3.536	0.004
3.538	0
3.54	0.008
3.542	0.01
3.544	-0.018
3.546	-0.006
3.548	0.022
3.55	0.008
3.552	-0.002
3.554	-0.006
3.556	0
3.558	0.006
3.56	0.006
3.562	-0.004
3.564	0.01
3.566	0
3.568	-0.016
3.57	-0.008
3.572	0.024
3.574	0
3.576	-0.006
3.578	-0.014
3.58	0.004
3.582	0.002
3.584	0.008
3.586	-0.012
3.588	0.004
3.59	-0.004
3.592	0
3.594	-0.006
3.596	0.012
3.598	0.004
3.6	0.008
3.602	-0.016
3.604	0
3.606	0.002
3.608	0.018
3.61	-0.004
3.612	0.002
3.614	-0.01
3.616	0.008
3.618	-0.008
3.62	0.004
3.622	0.006
3.624	0.016
3.626	-0.01
3.628	-0.01
3.63	-0.006
3.632	0.014
3.634	0
3.636	0.004
3.638	0.002
3.64	0.006
3.642	-0.014
3.644	-0.004
3.646	0.014
3.648	0.018
3.65	-0.004
3.652	-0.012
3.654	-0.002
3.656	0.012
3.658	0.008
3.66	-0.004
3.662	0.01
3.664	0.008
3.666	-0.014
3.668	-0.01
3.67	0.02
3.672	0.014
3.674	-0.002
3.676	-0.012
3.678	0.002
3.68	0.006
3.682	0.01
3.684	-0.004
3.686	0.012
3.688	0.004
3.69	-0.004
3.692	-0.006
3.694	0.024
3.696	0.004
3.698	0.002
3.7	-0.01
3.702	0.008
3.704	0
3.706	0.008
3.708	-0.006
3.71	0.016
3.712	0
3.714	-0.002
3.716	-0.01
3.718	0.018
3.72	0.004
3.722	0.006
3.724	-0.016
3.726	0.006
3.728	-0.002
3.73	0.008
3.732	-0.004
3.734	0.01
3.736	-0.006
3.738	0.004
3.74	-0.014
3.742	0.002
3.744	0.008
3.746	0.016
3.748	-0.014
3.75	-0.008
3.752	-0.008
3.754	0.006
3.756	0.004
3.758	0.006
3.76	-0.006
3.762	0
3.764	-0.01
3.766	-0.008
3.768	0.01
3.77	0.016
3.772	-0.002
3.774	-0.016
3.776	-0.004
3.778	0.006
3.78	0.006
3.782	-0.004
3.784	0.012
3.786	0.004
3.788	-0.008
3.79	-0.014
3.792	0.02
3.794	0.012
3.796	0.004
3.798	-0.016
3.8	0.006
3.802	0.01
3.804	0.012
3.806	-0.01
3.808	0.014
3.81	0.01
3.812	0.002
3.814	-0.012
3.816	0.018
3.818	0.012
3.82	0.008
3.822	-0.01
3.824	0.012
3.826	0.006
3.828	0.008
3.83	-0.004
3.832	0.014
3.834	0.002
3.836	0
3.838	-0.008
3.84	0.014
3.842	0.006
3.844	0.004
3.846	-0.012
3.848	0.006
3.85	0
3.852	0
3.854	-0.004
3.856	0.016
3.858	-0.004
3.86	-0.006
3.862	-0.014
3.864	0.002
3.866	0.008
3.868	0.01
3.87	-0.012
3.872	-0.006
3.874	-0.004
3.876	0
3.878	0
3.88	0.008
3.882	-0.002
3.884	-0.004
3.886	-0.012
3.888	-0.012
3.89	0.008
3.892	0.014
3.894	0
3.896	-0.016
3.898	-0.004
3.9	0
3.902	0.006
3.904	0
3.906	0.01
3.908	0
3.91	0
3.912	-0.01
3.914	0.012
3.916	0.014
3.918	0.012
3.92	-0.014
3.922	0.008
3.924	0.008
3.926	0.01
3.928	-0.012
3.93	0.02
3.932	0.008
3.934	0.004
3.936	-0.016
3.938	0.014
3.94	0.012
3.942	0.01
3.944	-0.014
3.946	0.008
3.948	0.006
3.95	0.008
3.952	-0.006
3.954	0.014
3.956	0.008
3.958	0.002
3.96	-0.012
3.962	0.008
3.964	0.016
3.966	0.008
3.968	-0.008
3.97	-0.002
3.972	0.004
3.974	-0.004
3.976	0.004
3.978	0.014
3.98	0.002
3.982	-0.016
3.984	-0.01
3.986	0
3.988	0.008
3.99	0.004
3.992	-0.01
3.994	-0.01
3.996	-0.002
3.998	-0.008
4	0
4.002	0.01
4.004	0.006
4.006	-0.01
4.008	-0.008
4.01	-0.008
4.012	0.01
4.014	0.012
4.016	0
4.018	-0.012
4.02	0.002
4.022	0
4.024	0.002
4.026	0
4.028	0.008
4.03	0
4.032	0.002
4.034	-0.012
4.036	0.002
4.038	0.01
4.04	0.012
4.042	-0.012
4.044	0.006
4.046	0.006
4.048	0.004
4.05	-0.006
4.052	0.016
4.054	0.008
4.056	0.004
4.058	-0.008
4.06	0.01
4.062	0.012
4.064	0.014
4.066	-0.01
4.068	0.008
4.07	0.01
4.072	0.002
4.074	-0.008
4.076	0.016
4.078	0.014
4.08	-0.006
4.082	-0.016
4.084	0.002
4.086	0.016
4.088	0.008
4.09	-0.01
4.092	-0.008
4.094	0.008
4.096	-0.002
4.098	-0.002
4.1	0.008
4.102	0.01
4.104	-0.012
4.106	-0.008
4.108	-0.006
4.11	0.016
4.112	0.006
4.114	0
4.116	-0.012
4.118	0.006
4.12	-0.01
4.122	0.002
4.124	0.01
4.126	0.012
4.128	-0.016
4.13	-0.004
4.132	-0.006
4.134	0.006
4.136	0.006
4.138	0.004
4.14	-0.008
4.142	0.006
4.144	-0.004
4.146	0
4.148	0.006
4.15	0.012
4.152	-0.002
4.154	0
4.156	-0.004
4.158	0
4.16	0.01
4.162	0.012
4.164	-0.006
4.166	0
4.168	0.006
4.17	0.002
4.172	-0.002
4.174	0.012
4.176	0.008
4.178	0
4.18	-0.006
4.182	0
4.184	0.01
4.186	0.012
4.188	-0.002
4.19	-0.002
4.192	0.008
4.194	0
4.196	-0.006
4.198	0.014
4.2	0.012
4.202	-0.008
4.204	-0.01
4.206	0.004
4.208	0.016
4.21	0.008
4.212	-0.006
4.214	-0.01
4.216	0.012
4.218	-0.004
4.22	-0.006
4.222	0.008
4.224	0.016
4.226	-0.012
4.228	-0.012
4.23	-0.004
4.232	0.014
4.234	0.008
4.236	-0.004
4.238	-0.012
4.24	0.008
4.242	-0.004
4.244	0
4.246	0.006
4.248	0.014
4.25	-0.012
4.252	0
4.254	-0.006
4.256	0.008
4.258	0.006
4.26	0.008
4.262	-0.004
4.264	0.01
4.266	-0.008
4.268	-0.004
4.27	0.006
4.272	0.016
4.274	-0.002
4.276	0
4.278	-0.002
4.28	0.002
4.282	0.006
4.284	0.01
4.286	0
4.288	0
4.29	0.004
4.292	-0.006
4.294	0
4.296	0.01
4.298	0.014
4.3	-0.008
4.302	-0.004
4.304	-0.004
4.306	0.01
4.308	0.01
4.31	0.004
4.312	-0.014
4.314	0.008
4.316	0
4.318	-0.002
4.32	0.006
4.322	0.016
4.324	-0.012
4.326	-0.008
4.328	-0.004
4.33	0.012
4.332	0.008
4.334	0
4.336	-0.012
4.338	0.008
4.34	0
4.342	-0.008
4.344	0.008
4.346	0.018
4.348	-0.014
4.35	-0.012
4.352	0
4.354	0.016
4.356	0.008
4.358	-0.002
4.36	-0.008
4.362	0.012
4.364	0
4.366	-0.008
4.368	0.006
4.37	0.02
4.372	-0.002
4.374	-0.008
4.376	-0.004
4.378	0.01
4.38	0.008
4.382	0.008
4.384	0
4.386	0.008
4.388	-0.002
4.39	-0.008
4.392	0.006
4.394	0.016
4.396	0.002
4.398	-0.004
4.4	0
4.402	0
4.404	0.002
4.406	0.006
4.408	0.006
4.41	0
4.412	0
4.414	-0.008
4.416	0
4.418	0.012
4.42	0.01
4.422	-0.01
4.424	0
4.426	-0.004
4.428	0.006
4.43	0.006
4.432	0.008
4.434	-0.016
4.436	0.01
4.438	-0.004
4.44	-0.004
4.442	0.002
4.444	0.016
4.446	-0.014
4.448	-0.002
4.45	-0.008
4.452	0.006
4.454	0.006
4.456	0.006
4.458	-0.016
4.46	0.008
4.462	0
4.464	-0.004
4.466	0.002
4.468	0.02
4.47	-0.008
4.472	-0.006
4.474	0
4.476	0.008
4.478	0.008
4.48	0.002
4.482	-0.004
4.484	0.008
4.486	-0.002
4.488	-0.012
4.49	0.006
4.492	0.022
4.494	0.004
4.496	-0.014
4.498	-0.002