-0.5	0
-0.498	0.002
-0.496	0.002
-0.494	0.002
-0.492	0.002
-0.49	0.002
-0.488	0
-0.486	0.002
-0.484	0.002
-0.482	0.002
-0.48	0
-0.478	0.002
-0.476	0.004
-0.474	0
-0.472	0.004
-0.47	0.002
-0.468	0
-0.466	0.002
-0.464	0
-0.462	0
-0.46	0.002
-0.458	0.002
-0.456	0.002
-0.454	0.002
-0.452	0.002
-0.45	0
-0.448	0.002
-0.446	0.002
-0.444	0
-0.442	0.002
-0.44	0.002
-0.438	0.002
-0.436	0.004
-0.434	0
-0.432	0.002
-0.43	0.002
-0.428	0
-0.426	0.002
-0.424	0
-0.422	0.002
-0.42	0.002
-0.418	0.002
-0.416	0.002
-0.414	0.002
-0.412	0.002
-0.41	0.002
-0.408	0
-0.406	0
-0.404	0.002
-0.402	0.002
-0.4	0.002
-0.398	0.002
-0.396	0.004
-0.394	0.002
-0.392	0.002
-0.39	0.002
-0.388	0.002
-0.386	0.002
-0.384	0.002
-0.382	0.002
-0.38	0.002
-0.378	0.002
-0.376	0.002
-0.374	0.002
-0.372	0.002
-0.37	0.002
-0.368	0.004
-0.366	0.002
-0.364	0
-0.362	0.002
-0.36	0
-0.358	0.002
-0.356	0.002
-0.354	0.002
-0.352	0
-0.35	0.002
-0.348	0
-0.346	0.004
-0.344	0.002
-0.342	0.002
-0.34	0.002
-0.338	0
-0.336	0.002
-0.334	0.002
-0.332	0
-0.33	0.002
-0.328	0.002
-0.326	0.002
-0.324	0.004
-0.322	0.002
-0.32	0.002
-0.318	0.002
-0.316	0.002
-0.314	0.004
-0.312	0.002
-0.31	0.002
-0.308	0.002
-0.306	0
-0.304	0.002
-0.302	0.002
-0.3	0.002
-0.298	0.002
-0.296	0.002
-0.294	0.002
-0.292	0
-0.29	0.002
-0.288	0.002
-0.286	0.004
-0.284	0.002
-0.282	0.002
-0.28	0
-0.278	0
-0.276	0.002
-0.274	0
-0.272	0.002
-0.27	0.002
-0.268	0
-0.266	0.002
-0.264	0.002
-0.262	0
-0.26	0
-0.258	0.002
-0.256	0.002
-0.254	0.004
-0.252	0.002
-0.25	0.002
-0.248	0
-0.246	0.002
-0.244	0.002
-0.242	0.002
-0.24	0.002
-0.238	0.002
-0.236	0.004
-0.234	0.002
-0.232	0.002
-0.23	0.002
-0.228	0.002
-0.226	0.002
-0.224	0
-0.222	0.002
-0.22	0.002
-0.218	0.002
-0.216	0.004
-0.214	0.002
-0.212	0.002
-0.21	0.002
-0.208	0.002
-0.206	0
-0.204	0.002
-0.202	0.002
-0.2	0
-0.198	0
-0.196	0.002
-0.194	0.002
-0.192	0.002
-0.19	0.004
-0.188	0.002
-0.186	0.002
-0.184	0.002
-0.182	0.002
-0.18	0
-0.178	0
-0.176	0.002
-0.174	0.002
-0.172	0.004
-0.17	0.002
-0.168	0.002
-0.166	0.002
-0.164	0.002
-0.162	0.002
-0.16	0.002
-0.158	0.002
-0.156	0
-0.154	0.002
-0.152	0.004
-0.15	0.002
-0.148	0.002
-0.146	0.002
-0.144	0.002
-0.142	0.002
-0.14	0.002
-0.138	0.002
-0.136	0.002
-0.134	0.002
-0.132	0
-0.13	0
-0.128	0
-0.126	0
-0.124	0.002
-0.122	0.002
-0.12	0
-0.118	0.002
-0.116	0
-0.114	0.002
-0.112	0
-0.11	0
-0.108	-0.002
-0.106	0
-0.104	0.002
-0.102	0.002
-0.1	0.002
-0.098	0
-0.096	0.002
-0.094	0
-0.092	0
-0.09	0
-0.088	0.004
-0.086	0.004
-0.084	0.002
-0.082	0.002
-0.08	0
-0.078	0.002
-0.076	0.002
-0.074	0
-0.072	0.004
-0.07	0.002
-0.068	0.002
-0.066	0
-0.064	0.004
-0.062	0.002
-0.06	0.002
-0.058	0
-0.056	0
-0.054	0.004
-0.052	0.004
-0.05	0.002
-0.048	0.002
-0.046	0.002
-0.044	0.002
-0.042	0.004
-0.04	0
-0.038	-0.002
-0.036	0
-0.034	0
-0.032	-0.002
-0.03	0
-0.028	-0.002
-0.026	0
-0.024	-0.004
-0.022	0.006
-0.02	0.002
-0.018	0.004
-0.016	0
-0.014	0.002
-0.012	0.002
-0.01	0.004
-0.008	0.004
-0.006	0.006
-0.004	0.006
-0.002	0.014
0	0.006
0.002	0.006
0.004	-0.002
0.006	-0.028
0.008	-0.008
0.01	-0.006
0.012	0.032
0.014	0.002
0.016	0.002
0.018	0.006
0.02	-0.014
0.022	-0.02
0.024	0.038
0.026	0
0.028	0.052
0.03	0.004
0.032	-0.034
0.034	-0.048
0.036	0.054
0.038	0.012
0.04	-0.006
0.042	0.01
0.044	-0.074
0.046	0.034
0.048	0.058
0.05	0
0.052	0.004
0.054	0.012
0.056	0.008
0.058	-0.138
0.06	0.066
0.062	-0.012
0.064	0.01
0.066	-0.002
0.068	0.004
0.07	-0.122
0.072	0.01
0.074	0.002
0.076	-0.06
0.078	-0.016
0.08	-0.008
0.082	0.004
0.084	0.028
0.086	0.016
0.088	-0.026
0.09	-0.08
0.092	0.012
0.094	-0.05
0.096	-0.034
0.098	0.01
0.1	0.048
0.102	-0.022
0.104	0.2
0.106	0.004
0.108	-0.104
0.11	0.064
0.112	0.022
0.114	0
0.116	-0.016
0.118	0.006
0.12	-0.01
0.122	0.088
0.124	0.02
0.126	-0.106
0.128	0.072
0.13	-0.104
0.132	0.048
0.134	0.018
0.136	0.012
0.138	0.11
0.14	0.01
0.142	0.04
0.144	0.028
0.146	0.234
0.148	0.032
0.15	0.12
0.152	0.002
0.154	0.042
0.156	0.024
0.158	0.028
0.16	0.022
0.162	0.08
0.164	0.064
0.166	-0.002
0.168	-0.05
0.17	0.014
0.172	-0.088
0.174	0.068
0.176	-0.114
0.178	-0.026
0.18	-0.066
0.182	0.004
0.184	0.038
0.186	-0.022
0.188	0.052
0.19	-0.114
0.192	-0.004
0.194	-0.046
0.196	-0.042
0.198	-0.028
0.2	-0.028
0.202	-0.016
0.204	-0.006
0.206	0.024
0.208	-0.1
0.21	-0.028
0.212	0.036
0.214	-0.096
0.216	-0.086
0.218	-0.058
0.22	0.018
0.222	-0.06
0.224	0.042
0.226	0.018
0.228	0.008
0.23	0.062
0.232	0.084
0.234	-0.042
0.236	0.006
0.238	0.084
0.24	-0.06
0.242	0.002
0.244	0.082
0.246	0.01
0.248	0.032
0.25	0.018
0.252	-0.072
0.254	-0.034
0.256	0.038
0.258	-0.04
0.26	-0.046
0.262	0.024
0.264	-0.01
0.266	-0.038
0.268	0.09
0.27	0.014
0.272	0.056
0.274	0.034
0.276	-0.024
0.278	-0.044
0.28	0.006
0.282	-0.02
0.284	0.04
0.286	-0.012
0.288	0.024
0.29	-0.044
0.292	0.062
0.294	-0.084
0.296	0.04
0.298	-0.05
0.3	-0.034
0.302	-0.006
0.304	0.046
0.306	0.034
0.308	0.018
0.31	0.108
0.312	0.02
0.314	0.104
0.316	-0.028
0.318	0
0.32	0.098
0.322	0.058
0.324	0
0.326	0.046
0.328	0.04
0.33	0.038
0.332	0.06
0.334	0.002
0.336	-0.078
0.338	0.064
0.34	-0.094
0.342	0.016
0.344	-0.052
0.346	-0.014
0.348	-0.016
0.35	-0.018
0.352	0.026
0.354	0.018
0.356	0.068
0.358	-0.046
0.36	-0.02
0.362	-0.052
0.364	-0.074
0.366	0.03
0.368	-0.062
0.37	0.058
0.372	-0.016
0.374	-0.044
0.376	-0.06
0.378	-0.02
0.38	-0.082
0.382	-0.066
0.384	0.002
0.386	-0.112
0.388	0.01
0.39	0
0.392	0.004
0.394	0.08
0.396	-0.002
0.398	-0.016
0.4	-0.024
0.402	0.072
0.404	-0.042
0.406	0.066
0.408	0.018
0.41	-0.05
0.412	0.026
0.414	0.028
0.416	-0.066
0.418	-0.016
0.42	0.062
0.422	-0.012
0.424	-0.056
0.426	0.008
0.428	-0.082
0.43	0.024
0.432	0.06
0.434	-0.012
0.436	0.026
0.438	0.038
0.44	0.04
0.442	0.006
0.444	0.022
0.446	-0.06
0.448	0.04
0.45	-0.022
0.452	0.084
0.454	0.042
0.456	0.034
0.458	-0.022
0.46	0.03
0.462	-0.112
0.464	0.018
0.466	0.002
0.468	-0.046
0.47	0.034
0.472	0.07
0.474	-0.012
0.476	0.044
0.478	0.078
0.48	0
0.482	0.026
0.484	0.06
0.486	0.008
0.488	0.06
0.49	0.03
0.492	0.064
0.494	-0.016
0.496	0.03
0.498	0
0.5	-0.052
0.502	0.064
0.504	0.012
0.506	-0.052
0.508	-0.082
0.51	-0.028
0.512	-0.072
0.514	-0.026
0.516	0.054
0.518	-0.066
0.52	0.058
0.522	0.03
0.524	-0.01
0.526	-0.072
0.528	-0.03
0.53	0.008
0.532	-0.056
0.534	0.022
0.536	-0.028
0.538	-0.016
0.54	0.002
0.542	-0.018
0.544	-0.09
0.546	-0.09
0.548	0.014
0.55	-0.096
0.552	0.058
0.554	0.024
0.556	-0.054
0.558	0.018
0.56	0.008
0.562	0.004
0.564	-0.022
0.566	0.096
0.568	-0.054
0.57	0.078
0.572	0.028
0.574	0.02
0.576	0.034
0.578	0.032
0.58	-0.022
0.582	0.008
0.584	0.01
0.586	0.02
0.588	-0.024
0.59	0.048
0.592	-0.086
0.594	-0.01
0.596	-0.008
0.598	0.016
0.6	-0.004
0.602	0.11
0.604	0.036
0.606	-0.032
0.608	0.006
0.61	-0.036
0.612	0.016
0.614	0.04
0.616	0.032
0.618	0.002
0.62	0.048
0.622	0.032
0.624	0.006
0.626	-0.044
0.628	-0.042
0.63	0
0.632	-0.034
0.634	-0.002
0.636	0.014
0.638	0.004
0.64	0.048
0.642	0.044
0.644	-0.046
0.646	0
0.648	0.064
0.65	0.002
0.652	0.074
0.654	0.048
0.656	0.004
0.658	-0.002
0.66	0.032
0.662	-0.008
0.664	-0.008
0.666	0.024
0.668	-0.024
0.67	0.016
0.672	-0.018
0.674	-0.024
0.676	-0.046
0.678	-0.034
0.68	0.024
0.682	-0.066
0.684	0.062
0.686	0.018
0.688	-0.016
0.69	-0.042
0.692	-0.02
0.694	-0.062
0.696	-0.004
0.698	0.032
0.7	-0.024
0.702	0.01
0.704	0.022
0.706	-0.076
0.708	-0.024
0.71	-0.08
0.712	0.024
0.714	-0.082
0.716	0.028
0.718	-0.038
0.72	0.034
0.722	0.044
0.724	0.034
0.726	-0.038
0.728	-0.042
0.73	0.074
0.732	-0.032
0.734	0.056
0.736	0.072
0.738	-0.012
0.74	0.048
0.742	0.038
0.744	-0.034
0.746	-0.012
0.748	0.086
0.75	-0.016
0.752	0.006
0.754	0.034
0.756	-0.094
0.758	0.014
0.76	0.016
0.762	-0.016
0.764	0.004
0.766	0.07
0.768	-0.01
0.77	0.032
0.772	0.05
0.774	-0.048
0.776	-0.004
0.778	0.026
0.78	-0.018
0.782	0.012
0.784	0.04
0.786	0.008
0.788	-0.022
0.79	-0.018
0.792	-0.09
0.794	-0.016
0.796	-0.01
0.798	-0.008
0.8	-0.026
0.802	0.012
0.804	0.008
0.806	0.014
0.808	-0.034
0.81	0.006
0.812	0.008
0.814	-0.022
0.816	0.032
0.818	0.042
0.82	0.004
0.822	0.066
0.824	0
0.826	-0.062
0.828	-0.046
0.83	0.058
0.832	-0.056
0.834	0.064
0.836	-0.034
0.838	-0.038
0.84	0.022
0.842	0.024
0.844	-0.02
0.846	0.048
0.848	0.064
0.85	-0.018
0.852	0.066
0.854	0.012
0.856	-0.022
0.858	0.076
0.86	0.024
0.862	0.024
0.864	0.004
0.866	0.04
0.868	0.026
0.87	0.016
0.872	0.014
0.874	-0.066
0.876	-0.03
0.878	-0.052
0.88	0.022
0.882	-0.05
0.884	0.036
0.886	0.036
0.888	-0.046
0.89	-0.002
0.892	-0.042
0.894	-0.022
0.896	-0.006
0.898	0.05
0.9	-0.032
0.902	-0.036
0.904	0.076
0.906	-0.03
0.908	-0.032
0.91	-0.024
0.912	0.012
0.914	-0.082
0.916	0.036
0.918	-0.004
0.92	-0.074
0.922	0.04
0.924	0.02
0.926	-0.086
0.928	0.03
0.93	0.058
0.932	-0.028
0.934	0.036
0.936	0.072
0.938	-0.082
0.94	0.094
0.942	0.058
0.944	-0.026
0.946	0.008
0.948	0.066
0.95	-0.046
0.952	0.052
0.954	0.002
0.956	-0.062
0.958	-0.016
0.96	0.002
0.962	-0.054
0.964	0.016
0.966	0.034
0.968	0.01
0.97	0.016
0.972	0
0.974	-0.064
0.976	-0.01
0.978	0.032
0.98	0.028
0.982	-0.004
0.984	0.032
0.986	0.02
0.988	-0.03
0.99	0.036
0.992	-0.022
0.994	-0.014
0.996	-0.028
0.998	0.026
1	-0.08
1.002	0.006
1.004	0.05
1.006	-0.018
1.008	0
1.01	-0.004
1.012	-0.026
1.014	-0.01
1.016	0.08
1.018	-0.024
1.02	-0.034
1.022	0.076
1.024	-0.05
1.026	-0.018
1.028	0.016
1.03	0.024
1.032	-0.034
1.034	0.05
1.036	-0.04
1.038	-0.078
1.04	0.048
1.042	-0.026
1.044	-0.024
1.046	0.014
1.048	-0.008
1.05	0.018
1.052	0.02
1.054	0.032
1.056	-0.05
1.058	0.048
1.06	-0.002
1.062	0.06
1.064	0.004
1.066	0.034
1.068	0.046
1.07	0.004
1.072	0.008
1.074	0.012
1.076	-0.028
1.078	-0.002
1.08	0.016
1.082	-0.024
1.084	-0.044
1.086	0.07
1.088	-0.016
1.09	0.014
1.092	-0.002
1.094	-0.018
1.096	-0.032
1.098	0.036
1.1	0.022
1.102	-0.024
1.104	0.052
1.106	0.006
1.108	-0.028
1.11	-0.012
1.112	0.046
1.114	-0.028
1.116	0.02
1.118	0
1.12	-0.08
1.122	-0.024
1.124	0.04
1.126	-0.036
1.128	-0.002
1.13	0.042
1.132	-0.02
1.134	-0.006
1.136	0.038
1.138	-0.03
1.14	0.042
1.142	0.03
1.144	-0.01
1.146	-0.044
1.148	0.046
1.15	0.006
1.152	0.02
1.154	0.02
1.156	-0.042
1.158	-0.042
1.16	-0.014
1.162	-0.002
1.164	-0.042
1.166	-0.02
1.168	0.02
1.17	-0.052
1.172	0.014
1.174	-0.03
1.176	-0.014
1.178	-0.022
1.18	0.064
1.182	-0.056
1.184	0.004
1.186	0.062
1.188	-0.02
1.19	0.026
1.192	0.032
1.194	-0.032
1.196	0.002
1.198	0.062
1.2	-0.022
1.202	-0.046
1.204	0.078
1.206	-0.054
1.208	0.026
1.21	0.034
1.212	0.004
1.214	-0.004
1.216	0.046
1.218	-0.004
1.22	-0.04
1.222	0.094
1.224	0.004
1.226	0.002
1.228	0.036
1.23	0.012
1.232	-0.01
1.234	0.054
1.236	0.032
1.238	-0.056
1.24	0.022
1.242	0
1.244	-0.08
1.246	-0.002
1.248	0.008
1.25	0
1.252	-0.018
1.254	0.022
1.256	-0.074
1.258	0.008
1.26	0.034
1.262	0.002
1.264	-0.012
1.266	0.002
1.268	0.004
1.27	0.002
1.272	0.046
1.274	0.02
1.276	-0.014
1.278	0.016
1.28	0.004
1.282	-0.028
1.284	-0.038
1.286	0.048
1.288	-0.024
1.29	0.006
1.292	-0.014
1.294	-0.018
1.296	-0.034
1.298	0.048
1.3	-0.018
1.302	-0.024
1.304	0.008
1.306	0.014
1.308	-0.004
1.31	0.008
1.312	0.002
1.314	-0.004
1.316	0.002
1.318	0.028
1.32	-0.042
1.322	0.022
1.324	-0.012
1.326	-0.008
1.328	-0.036
1.33	0.012
1.332	-0.008
1.334	0
1.336	0.012
1.338	-0.03
1.34	0.012
1.342	-0.008
1.344	0.022
1.346	-0.006
1.348	0.002
1.35	0.026
1.352	0.008
1.354	0.014
1.356	0.022
1.358	0.028
1.36	0.006
1.362	0.002
1.364	-0.024
1.366	-0.066
1.368	0.07
1.37	-0.03
1.372	0.026
1.374	0
1.376	-0.03
1.378	-0.038
1.38	0.056
1.382	-0.02
1.384	-0.028
1.386	0.082
1.388	-0.034
1.39	0.002
1.392	0.048
1.394	-0.024
1.396	0.032
1.398	0.064
1.4	-0.002
1.402	-0.042
1.404	0.066
1.406	-0.014
1.408	0.02
1.41	0.022
1.412	-0.026
1.414	-0.028
1.416	0.018
1.418	0.024
1.42	-0.024
1.422	0.014
1.424	0.044
1.426	-0.04
1.428	0
1.43	0.004
1.432	0.004
1.434	-0.022
1.436	0.064
1.438	-0.042
1.44	-0.012
1.442	0.026
1.444	-0.022
1.446	-0.044
1.448	-0.002
1.45	-0.016
1.452	-0.036
1.454	0.016
1.456	-0.008
1.458	-0.042
1.46	-0.002
1.462	-0.004
1.464	-0.046
1.466	-0.016
1.468	0.052
1.47	-0.014
1.472	0.006
1.474	0.036
1.476	-0.024
1.478	0.014
1.48	0.056
1.482	0.002
1.484	-0.032
1.486	0.066
1.488	-0.032
1.49	0.032
1.492	0.008
1.494	-0.014
1.496	-0.014
1.498	0.026
1.5	-0.032
1.502	0
1.504	0.03
1.506	0.008
1.508	0.02
1.51	-0.014
1.512	-0.044
1.514	0.022
1.516	0.006
1.518	0.046
1.52	-0.004
1.522	0.008
1.524	-0.006
1.526	0.026
1.528	-0.024
1.53	-0.014
1.532	0.006
1.534	-0.026
1.536	0.008
1.538	-0.016
1.54	-0.012
1.542	0.014
1.544	0
1.546	-0.008
1.548	-0.042
1.55	0.04
1.552	-0.016
1.554	0.05
1.556	0.012
1.558	-0.004
1.56	-0.002
1.562	0.022
1.564	-0.008
1.566	-0.006
1.568	0.06
1.57	-0.018
1.572	0.006
1.574	0.012
1.576	-0.042
1.578	0.01
1.58	0.006
1.582	-0.022
1.584	-0.024
1.586	0.024
1.588	-0.014
1.59	0.026
1.592	0.018
1.594	-0.042
1.596	0.028
1.598	-0.008
1.6	0.024
1.602	0.008
1.604	0.034
1.606	0.024
1.608	0.024
1.61	-0.03
1.612	0
1.614	0.006
1.616	0
1.618	0.032
1.62	-0.008
1.622	-0.05
1.624	0.05
1.626	-0.018
1.628	-0.02
1.63	-0.01
1.632	0
1.634	-0.03
1.636	0.058
1.638	-0.016
1.64	-0.014
1.642	0.024
1.644	-0.008
1.646	-0.028
1.648	0
1.65	0.012
1.652	0
1.654	0.016
1.656	-0.016
1.658	-0.048
1.66	-0.016
1.662	-0.01
1.664	-0.008
1.666	-0.034
1.668	0.016
1.67	-0.026
1.672	0.01
1.674	0.002
1.676	0.002
1.678	-0.006
1.68	0.008
1.682	-0.008
1.684	0
1.686	0.036
1.688	0.03
1.69	0.036
1.692	0.008
1.694	-0.024
1.696	0.014
1.698	-0.002
1.7	0.032
1.702	0.006
1.704	0
1.706	0
1.708	0.004
1.71	-0.02
1.712	-0.018
1.714	0.04
1.716	-0.016
1.718	0.042
1.72	-0.016
1.722	-0.006
1.724	0.02
1.726	0.03
1.728	-0.006
1.73	-0.004
1.732	0.006
1.734	0.012
1.736	0.04
1.738	0.006
1.74	-0.026
1.742	0.032
1.744	-0.038
1.746	0.006
1.748	-0.032
1.75	0.024
1.752	-0.012
1.754	0.04
1.756	-0.022
1.758	-0.014
1.76	0.018
1.762	0
1.764	0.004
1.766	0
1.768	0.016
1.77	0.018
1.772	0.03
1.774	0.022
1.776	-0.028
1.778	0.006
1.78	-0.018
1.782	0
1.784	-0.012
1.786	0.016
1.788	-0.006
1.79	-0.024
1.792	-0.012
1.794	-0.038
1.796	-0.016
1.798	0.01
1.8	0.014
1.802	-0.03
1.804	-0.028
1.806	0.016
1.808	-0.022
1.81	0.014
1.812	-0.004
1.814	-0.002
1.816	-0.006
1.818	0.036
1.82	-0.014
1.822	-0.006
1.824	0.036
1.826	-0.022
1.828	-0.02
1.83	-0.022
1.832	-0.01
1.834	0.006
1.836	0.052
1.838	-0.01
1.84	-0.012
1.842	0.004
1.844	-0.006
1.846	-0.002
1.848	0.006
1.85	0.012
1.852	0.03
1.854	0.018
1.856	0.014
1.858	-0.006
1.86	0.03
1.862	-0.004
1.864	0.028
1.866	-0.03
1.868	0.018
1.87	-0.002
1.872	0.024
1.874	-0.016
1.876	-0.006
1.878	-0.014
1.88	0.004
1.882	0.008
1.884	0.012
1.886	0.004
1.888	0.008
1.89	0.002
1.892	0.01
1.894	-0.02
1.896	0.04
1.898	0.004
1.9	0.026
1.902	0.01
1.904	-0.002
1.906	0.004
1.908	0.022
1.91	-0.002
1.912	-0.046
1.914	0.01
1.916	-0.018
1.918	0.016
1.92	0.02
1.922	-0.024
1.924	-0.004
1.926	-0.018
1.928	-0.01
1.93	-0.034
1.932	0.024
1.934	0.002
1.936	0.026
1.938	0
1.94	-0.028
1.942	0.02
1.944	0.002
1.946	0.016
1.948	-0.022
1.95	-0.006
1.952	-0.006
1.954	0.006
1.956	0
1.958	-0.006
1.96	0.004
1.962	-0.01
1.964	0
1.966	-0.014
1.968	0
1.97	0.038
1.972	-0.016
1.974	0.014
1.976	-0.02
1.978	0.004
1.98	0.008
1.982	0.052
1.984	-0.012
1.986	0.012
1.988	0.012
1.99	-0.018
1.992	-0.004
1.994	0.004
1.996	-0.026
1.998	0.002
2	0.002
2.002	-0.006
2.004	-0.028
2.006	0.028
2.008	-0.022
2.01	0
2.012	-0.028
2.014	-0.004
2.016	-0.006
2.018	0.046
2.02	0.01
2.022	-0.016
2.024	0.022
2.026	0.006
2.028	0
2.03	0.01
2.032	0.008
2.034	-0.006
2.036	0.03
2.038	0.002
2.04	-0.024
2.042	0.03
2.044	0.004
2.046	0.006
2.048	-0.008
2.05	0
2.052	0.006
2.054	0.036
2.056	0.004
2.058	-0.01
2.06	0.016
2.062	-0.004
2.064	0.024
2.066	0.014
2.068	0.006
2.07	0.008
2.072	0.002
2.074	-0.014
2.076	-0.024
2.078	0.012
2.08	-0.008
2.082	0.002
2.084	0.002
2.086	-0.028
2.088	0.002
2.09	-0.006
2.092	0.016
2.094	-0.046
2.096	0.016
2.098	-0.024
2.1	0.012
2.102	0.022
2.104	0.022
2.106	0.002
2.108	0.016
2.11	0.006
2.112	-0.022
2.114	-0.002
2.116	0.03
2.118	0
2.12	0.014
2.122	-0.03
2.124	0.012
2.126	-0.024
2.128	0.042
2.13	-0.022
2.132	-0.018
2.134	0.006
2.136	0.01
2.138	-0.022
2.14	0.014
2.142	0.02
2.144	-0.016
2.146	0.032
2.148	-0.006
2.15	-0.03
2.152	0.046
2.154	0.01
2.156	-0.016
2.158	0
2.16	-0.016
2.162	-0.02
2.164	0.028
2.166	-0.004
2.168	-0.028
2.17	0.028
2.172	-0.028
2.174	-0.004
2.176	0.004
2.178	-0.01
2.18	-0.006
2.182	0.024
2.184	-0.002
2.186	-0.002
2.188	0.034
2.19	-0.002
2.192	0.008
2.194	-0.008
2.196	-0.012
2.198	-0.004
2.2	0.016
2.202	0.014
2.204	-0.022
2.206	0.008
2.208	-0.012
2.21	0.004
2.212	-0.016
2.214	0.012
2.216	-0.02
2.218	0.012
2.22	0
2.222	-0.006
2.224	0.01
2.226	0.036
2.228	0.014
2.23	0.002
2.232	-0.008
2.234	0.028
2.236	0.01
2.238	0.036
2.24	-0.01
2.242	0.012
2.244	-0.014
2.246	0.028
2.248	-0.02
2.25	0.014
2.252	0.018
2.254	-0.002
2.256	-0.006
2.258	-0.018
2.26	-0.018
2.262	0.016
2.264	0.02
2.266	-0.002
2.268	-0.01
2.27	0.008
2.272	-0.018
2.274	0.036
2.276	-0.016
2.278	-0.014
2.28	0.002
2.282	-0.018
2.284	-0.008
2.286	0.002
2.288	0.008
2.29	-0.03
2.292	0.026
2.294	-0.042
2.296	-0.028
2.298	0.01
2.3	0.004
2.302	-0.004
2.304	0.006
2.306	0.002
2.308	-0.01
2.31	0.034
2.312	0.006
2.314	-0.018
2.316	0.028
2.318	-0.002
2.32	0.006
2.322	-0.004
2.324	0.012
2.326	-0.014
2.328	0.02
2.33	-0.018
2.332	-0.018
2.334	0.016
2.336	0.006
2.338	-0.008
2.34	-0.008
2.342	-0.028
2.344	0.006
2.346	0.012
2.348	0.014
2.35	-0.012
2.352	0.032
2.354	-0.014
2.356	0.024
2.358	-0.006
2.36	0.012
2.362	0.008
2.364	0.014
2.366	-0.006
2.368	0.002
2.37	0.004
2.372	0.024
2.374	0.024
2.376	-0.016
2.378	-0.01
2.38	0
2.382	-0.01
2.384	0.044
2.386	0.006
2.388	0
2.39	0.014
2.392	0.014
2.394	-0.024
2.396	0.032
2.398	0.012
2.4	-0.008
2.402	0.034
2.404	-0.022
2.406	-0.018
2.408	0.02
2.41	0.022
2.412	-0.03
2.414	0.006
2.416	-0.014
2.418	-0.022
2.42	0.014
2.422	-0.01
2.424	-0.022
2.426	0.008
2.428	0
2.43	-0.016
2.432	-0.008
2.434	0.032
2.436	-0.01
2.438	0.024
2.44	-0.016
2.442	-0.008
2.444	-0.008
2.446	0.022
2.448	-0.006
2.45	-0.012
2.452	0.01
2.454	-0.004
2.456	0.002
2.458	-0.002
2.46	-0.02
2.462	-0.002
2.464	-0.016
2.466	0.014
2.468	-0.022
2.47	0.024
2.472	-0.006
2.474	0.026
2.476	-0.022
2.478	0
2.48	0
2.482	0.014
2.484	0.022
2.486	-0.004
2.488	-0.012
2.49	0.008
2.492	0.01
2.494	0.004
2.496	-0.006
2.498	0.006
2.5	-0.016
2.502	0.018
2.504	-0.012
2.506	0.008
2.508	0.016
2.51	0.012
2.512	-0.002
2.514	-0.01
2.516	0.012
2.518	0.022
2.52	0.038
2.522	-0.004
2.524	-0.002
2.526	-0.004
2.528	0.008
2.53	0.008
2.532	0.008
2.534	0
2.536	0.002
2.538	-0.006
2.54	-0.02
2.542	-0.008
2.544	0.008
2.546	-0.006
2.548	0.012
2.55	-0.026
2.552	0.01
2.554	0.008
2.556	0.026
2.558	-0.012
2.56	0.006
2.562	-0.012
2.564	-0.004
2.566	0.018
2.568	-0.002
2.57	0.006
2.572	0.014
2.574	0
2.576	-0.018
2.578	-0.006
2.58	0.004
2.582	-0.012
2.584	0.034
2.586	-0.024
2.588	0.004
2.59	0.006
2.592	0.026
2.594	-0.012
2.596	0.018
2.598	-0.002
2.6	-0.002
2.602	0.03
2.604	0.008
2.606	-0.014
2.608	0.022
2.61	0.002
2.612	-0.008
2.614	-0.014
2.616	0.02
2.618	-0.02
2.62	0.018
2.622	-0.018
2.624	-0.02
2.626	-0.01
2.628	0.02
2.63	0
2.632	-0.02
2.634	0.012
2.636	-0.002
2.638	0
2.64	0.012
2.642	-0.002
2.644	-0.016
2.646	0.004
2.648	0.006
2.65	-0.026
2.652	0.022
2.654	0.018
2.656	-0.012
2.658	-0.008
2.66	-0.018
2.662	-0.02
2.664	0.004
2.666	0.032
2.668	-0.024
2.67	0.01
2.672	0.004
2.674	0.01
2.676	0
2.678	0.018
2.68	0
2.682	0.002
2.684	0.012
2.686	-0.004
2.688	0
2.69	0.022
2.692	0.018
2.694	-0.008
2.696	-0.022
2.698	0.006
2.7	-0.02
2.702	0.032
2.704	-0.004
2.706	-0.002
2.708	-0.014
2.71	0.016
2.712	-0.016
2.714	0.01
2.716	0.014
2.718	0.008
2.72	0.016
2.722	-0.002
2.724	-0.02
2.726	0.022
2.728	0.004
2.73	0.014
2.732	-0.014
2.734	0.01
2.736	-0.012
2.738	0.03
2.74	-0.008
2.742	-0.004
2.744	-0.002
2.746	-0.006
2.748	0.008
2.75	0
2.752	0.016
2.754	0.014
2.756	0.016
2.758	-0.004
2.76	-0.006
2.762	0.01
2.764	0.006
2.766	0.022
2.768	-0.012
2.77	0.004
2.772	0.01
2.774	0.008
2.776	0.004
2.778	-0.016
2.78	-0.012
2.782	-0.014
2.784	0.018
2.786	-0.014
2.788	0.008
2.79	0.004
2.792	0.004
2.794	-0.008
2.796	-0.002
2.798	0.002
2.8	0.008
2.802	0.024
2.804	-0.006
2.806	-0.018
2.808	0.008
2.81	0.008
2.812	0.01
2.814	-0.008
2.816	0.002
2.818	-0.022
2.82	0.016
2.822	-0.01
2.824	-0.002
2.826	-0.008
2.828	0.006
2.83	-0.014
2.832	-0.008
2.834	0
2.836	0.02
2.838	0.012
2.84	0.006
2.842	-0.018
2.844	-0.004
2.846	-0.016
2.848	0.036
2.85	-0.014
2.852	0.016
2.854	-0.004
2.856	0.004
2.858	-0.024
2.86	0.008
2.862	-0.008
2.864	-0.006
2.866	0.016
2.868	-0.016
2.87	-0.006
2.872	0.024
2.874	0.016
2.876	0.006
2.878	0
2.88	0.004
2.882	-0.012
2.884	0.038
2.886	0.008
2.888	0.006
2.89	0.014
2.892	0.01
2.894	0
2.896	-0.002
2.898	0.016
2.9	-0.008
2.902	0.024
2.904	-0.008
2.906	-0.012
2.908	0.006
2.91	0.012
2.912	0
2.914	-0.006
2.916	0.002
2.918	0.004
2.92	0.022
2.922	0.01
2.924	-0.014
2.926	0.004
2.928	-0.014
2.93	0.02
2.932	-0.01
2.934	0.012
2.936	0.006
2.938	0.008
2.94	-0.016
2.942	0
2.944	-0.016
2.946	0
2.948	0.018
2.95	-0.018
2.952	-0.014
2.954	0.02
2.956	-0.014
2.958	0.018
2.96	0.006
2.962	-0.012
2.964	-0.016
2.966	0.034
2.968	-0.032
2.97	0.024
2.972	0.016
2.974	-0.006
2.976	-0.01
2.978	0
2.98	-0.032
2.982	0.008
2.984	0.024
2.986	-0.018
2.988	-0.018
2.99	0.002
2.992	-0.018
2.994	0.006
2.996	0.004
2.998	-0.002
3	-0.01
3.002	0.02
3.004	-0.008
3.006	-0.006
3.008	0.012
3.01	0.01
3.012	0.006
3.014	-0.012
3.016	0.01
3.018	0.004
3.02	0.024
3.022	0.008
3.024	-0.008
3.026	-0.016
3.028	0.002
3.03	0.014
3.032	-0.008
3.034	0.014
3.036	0.014
3.038	-0.002
3.04	0.014
3.042	0
3.044	0
3.046	0.002
3.048	0.036
3.05	-0.024
3.052	0.016
3.054	0.014
3.056	0.006
3.058	0.008
3.06	0.004
3.062	-0.022
3.064	0
3.066	0.02
3.068	-0.002
3.07	0
3.072	0.008
3.074	-0.018
3.076	0.012
3.078	-0.018
3.08	0.014
3.082	0
3.084	0.024
3.086	-0.014
3.088	0.006
3.09	-0.008
3.092	0.016
3.094	0.016
3.096	-0.008
3.098	-0.01
3.1	0.008
3.102	-0.006
3.104	0.014
3.106	-0.004
3.108	-0.008
3.11	-0.02
3.112	0.01
3.114	-0.034
3.116	0.008
3.118	0.016
3.12	-0.004
3.122	0
3.124	-0.01
3.126	-0.024
3.128	0.004
3.13	0.036
3.132	-0.02
3.134	0.01
3.136	0.01
3.138	-0.012
3.14	0.014
3.142	0.014
3.144	-0.022
3.146	0.006
3.148	0.018
3.15	-0.024
3.152	0.006
3.154	0.024
3.156	-0.014
3.158	0.014
3.16	-0.012
3.162	-0.01
3.164	-0.006
3.166	0.034
3.168	-0.002
3.17	0.006
3.172	-0.004
3.174	0.006
3.176	0.006
3.178	0.002
3.18	0.008
3.182	0.002
3.184	0.002
3.186	0.014
3.188	-0.016
3.19	-0.004
3.192	0.014
3.194	0.004
3.196	-0.03
3.198	0.022
3.2	-0.016
3.202	0.008
3.204	0.022
3.206	-0.006
3.208	-0.026
3.21	0.024
3.212	0.008
3.214	-0.01
3.216	0.024
3.218	0.016
3.22	-0.014
3.222	0.028
3.224	-0.014
3.226	-0.002
3.228	0.01
3.23	0.024
3.232	-0.028
3.234	0.012
3.236	-0.004
3.238	-0.004
3.24	0.022
3.242	-0.008
3.244	-0.02
3.246	-0.006
3.248	0.008
3.25	-0.008
3.252	0.018
3.254	0.004
3.256	-0.008
3.258	0.012
3.26	-0.016
3.262	0
3.264	0.016
3.266	0.01
3.268	0.004
3.27	-0.012
3.272	-0.006
3.274	-0.004
3.276	0.028
3.278	-0.016
3.28	0.006
3.282	-0.012
3.284	0.002
3.286	0.004
3.288	0.006
3.29	-0.008
3.292	0.012
3.294	0.004
3.296	-0.01
3.298	0.004
3.3	0.018
3.302	0.002
3.304	0.024
3.306	-0.022
3.308	-0.008
3.31	-0.004
3.312	0.018
3.314	-0.012
3.316	0.016
3.318	-0.008
3.32	-0.004
3.322	0.004
3.324	-0.01
3.326	-0.012
3.328	0.006
3.33	0
3.332	-0.002
3.334	0
3.336	0.006
3.338	0.002
3.34	0.022
3.342	-0.016
3.344	0.006
3.346	-0.008
3.348	0.016
3.35	0.012
3.352	0.002
3.354	-0.008
3.356	0.008
3.358	0
3.36	-0.006
3.362	0.018
3.364	-0.01
3.366	-0.002
3.368	0.016
3.37	-0.018
3.372	-0.008
3.374	0.026
3.376	0.004
3.378	-0.016
3.38	0.016
3.382	-0.008
3.384	0.006
3.386	0.04
3.388	-0.016
3.39	-0.006
3.392	0.006
3.394	0.008
3.396	-0.014
3.398	0.032
3.4	0
3.402	0
3.404	0.008
3.406	-0.014
3.408	-0.016
3.41	0.016
3.412	0.014
3.414	-0.004
3.416	-0.002
3.418	0.006
3.42	-0.01
3.422	0.032
3.424	-0.006
3.426	0.002
3.428	-0.01
3.43	0.014
3.432	-0.014
3.434	0.012
3.436	0.006
3.438	0
3.44	0.006
3.442	-0.008
3.444	-0.016
3.446	-0.002
3.448	0.006
3.45	0.006
3.452	-0.016
3.454	0
3.456	-0.016
3.458	0.012
3.46	-0.004
3.462	0.012
3.464	-0.014
3.466	0.014
3.468	0.006
3.47	-0.008
3.472	0.004
3.474	0.01
3.476	-0.004
3.478	0
3.48	0.004
3.482	-0.006
3.484	0.012
3.486	0.024
3.488	-0.03
3.49	-0.006
3.492	0.004
3.494	-0.004
3.496	0.004
3.498	0.012
3.5	-0.008
3.502	-0.004
3.504	0.024
3.506	-0.02
3.508	0.008
3.51	0.008
3.512	0.006
3.514	-0.012
3.516	0.012
3.518	-0.004
3.52	0.014
3.522	0.02
3.524	-0.008
3.526	-0.014
3.528	0
3.53	0
3.532	0.018
3.534	-0.004
3.536	0.006
3.538	-0.008
3.54	0.012
3.542	-0.01
3.544	0.024
3.546	-0.004
3.548	0.016
3.55	0.012
3.552	-0.008
3.554	-0.01
3.556	0.022
3.558	0.01
3.56	0.006
3.562	0.008
3.564	-0.008
3.566	-0.006
3.568	0.032
3.57	-0.012
3.572	-0.002
3.574	-0.002
3.576	0
3.578	-0.02
3.58	0.012
3.582	-0.002
3.584	0.004
3.586	0.016
3.588	-0.014
3.59	-0.016
3.592	0.004
3.594	0.01
3.596	-0.002
3.598	0
3.6	0.002
3.602	-0.012
3.604	0.02
3.606	-0.004
3.608	0
3.61	-0.008
3.612	0.006
3.614	-0.008
3.616	-0.008
3.618	0.008
3.62	-0.006
3.622	0.008
3.624	-0.012
3.626	0
3.628	-0.012
3.63	0.018
3.632	0.014
3.634	-0.01
3.636	-0.006
3.638	0.006
3.64	-0.002
3.642	0.012
3.644	0.012
3.646	-0.01
3.648	-0.002
3.65	0.032
3.652	-0.028
3.654	0.01
3.656	0.008
3.658	-0.004
3.66	-0.014
3.662	0.02
3.664	-0.022
3.666	0.016
3.668	0.04
3.67	-0.016
3.672	-0.012
3.674	0.02
3.676	-0.01
3.678	0.012
3.68	0.022
3.682	0
3.684	-0.008
3.686	0.034
3.688	-0.018
3.69	0.006
3.692	0.014
3.694	0.006
3.696	-0.008
3.698	-0.002
3.7	-0.008
3.702	0
3.704	0.018
3.706	0
3.708	-0.004
3.71	-0.012
3.712	0
3.714	0.012
3.716	-0.004
3.718	0.01
3.72	0.002
3.722	-0.002
3.724	-0.002
3.726	0.008
3.728	-0.008
3.73	0.014
3.732	0.024
3.734	-0.024
3.736	-0.004
3.738	0.002
3.74	0
3.742	0.002
3.744	0.012
3.746	-0.026
3.748	0.002
3.75	0.02
3.752	-0.014
3.754	-0.002
3.756	0.008
3.758	-0.012
3.76	0.004
3.762	-0.002
3.764	0
3.766	0.002
3.768	0.024
3.77	-0.024
3.772	0.006
3.774	-0.012
3.776	0.01
3.778	0.004
3.78	-0.002
3.782	-0.014
3.784	0.006
3.786	0.004
3.788	0
3.79	0.006
3.792	-0.006
3.794	-0.006
3.796	0.018
3.798	-0.018
3.8	0.016
3.802	0.01
3.804	0.012
3.806	-0.008
3.808	0.016
3.81	-0.016
3.812	0.016
3.814	0.03
3.816	-0.01
3.818	0.002
3.82	0.006
3.822	-0.012
3.824	0.006
3.826	0.018
3.828	-0.014
3.83	0.002
3.832	0.024
3.834	-0.028
3.836	0.006
3.838	0.016
3.84	-0.002
3.842	0.006
3.844	0.006
3.846	-0.022
3.848	0.006
3.85	0.038
3.852	-0.012
3.854	0.008
3.856	0
3.858	-0.012
3.86	0.004
3.862	0.006
3.864	-0.006
3.866	0.008
3.868	0.01
3.87	-0.01
3.872	-0.006
3.874	0
3.876	0.004
3.878	0.016
3.88	-0.022
3.882	0.01
3.884	-0.008
3.886	0.012
3.888	0.006
3.89	0.014
3.892	-0.026
3.894	0.022
3.896	0.006
3.898	-0.01
3.9	0.014
3.902	0.008
3.904	-0.02
3.906	0.016
3.908	-0.006
3.91	-0.016
3.912	0.014
3.914	0.02
3.916	-0.03
3.918	0.016
3.92	-0.006
3.922	-0.002
3.924	0.016
3.926	0.006
3.928	-0.024
3.93	0.012
3.932	0.016
3.934	-0.008
3.936	0.016
3.938	0
3.94	-0.01
3.942	0.01
3.944	-0.008
3.946	-0.006
3.948	0.014
3.95	0.016
3.952	-0.012
3.954	0.002
3.956	-0.016
3.958	-0.002
3.96	0.02
3.962	-0.008
3.964	0
3.966	-0.002
3.968	0.004
3.97	-0.004
3.972	0.014
3.974	-0.008
3.976	0.012
3.978	0.006
3.98	-0.018
3.982	0.006
3.984	0.008
3.986	0.006
3.988	0.012
3.99	-0.008
3.992	-0.016
3.994	0.006
3.996	0.018
3.998	-0.014
4	0.024
4.002	-0.012
4.004	0
4.006	0.008
4.008	0.006
4.01	-0.012
4.012	0.024
4.014	0.008
4.016	-0.008
4.018	0.008
4.02	0.006
4.022	-0.002
4.024	0.024
4.026	-0.012
4.028	-0.004
4.03	0
4.032	0.022
4.034	-0.01
4.036	0.012
4.038	-0.016
4.04	0
4.042	0.006
4.044	-0.002
4.046	0.002
4.048	0.006
4.05	0.006
4.052	0.008
4.054	-0.008
4.056	-0.006
4.058	0.014
4.06	0.014
4.062	-0.016
4.064	0.014
4.066	-0.008
4.068	0.002
4.07	0.024
4.072	-0.004
4.074	-0.02
4.076	0.012
4.078	0
4.08	-0.022
4.082	0.026
4.084	-0.008
4.086	-0.008
4.088	0.008
4.09	-0.012
4.092	-0.02
4.094	0.024
4.096	0.01
4.098	-0.01
4.1	0.006
4.102	-0.01
4.104	-0.012
4.106	0.022
4.108	0
4.11	-0.004
4.112	-0.004
4.114	0.008
4.116	-0.014
4.118	0.01
4.12	-0.006
4.122	0.004
4.124	-0.004
4.126	-0.004
4.128	-0.012
4.13	0.004
4.132	0.018
4.134	0.014
4.136	-0.008
4.138	-0.002
4.14	-0.002
4.142	0.016
4.144	-0.002
4.146	0.018
4.148	-0.012
4.15	0.018
4.152	0.004
4.154	0
4.156	-0.006
4.158	0.018
4.16	0.002
4.162	-0.008
4.164	0.006
4.166	-0.006
4.168	0.006
4.17	0.024
4.172	-0.01
4.174	-0.01
4.176	0.01
4.178	0.008
4.18	-0.006
4.182	0.024
4.184	-0.01
4.186	-0.002
4.188	0.018
4.19	-0.008
4.192	0
4.194	0.014
4.196	0.008
4.198	-0.012
4.2	0.012
4.202	-0.012
4.204	0
4.206	0.016
4.208	-0.008
4.21	-0.012
4.212	-0.002
4.214	0.006
4.216	0.008
4.218	0.002
4.22	-0.002
4.222	-0.012
4.224	0.006
4.226	-0.012
4.228	0.01
4.23	-0.006
4.232	0.014
4.234	0
4.236	-0.008
4.238	-0.018
4.24	0.012
4.242	0.004
4.244	-0.006
4.246	-0.002
4.248	-0.012
4.25	-0.008
4.252	0.022
4.254	-0.01
4.256	-0.006
4.258	0.002
4.26	0.008
4.262	-0.018
4.264	0.022
4.266	-0.004
4.268	0.008
4.27	0.012
4.272	-0.004
4.274	-0.016
4.276	0.012
4.278	0.012
4.28	0.006
4.282	0.006
4.284	-0.006
4.286	-0.008
4.288	0.01
4.29	-0.002
4.292	0.006
4.294	-0.002
4.296	0.01
4.298	0
4.3	0.004
4.302	0
4.304	0.008
4.306	0.008
4.308	-0.006
4.31	0.008
4.312	-0.006
4.314	0.016
4.316	0.016
4.318	0.002
4.32	-0.01
4.322	0.006
4.324	0.002
4.326	0
4.328	0.008
4.33	-0.006
4.332	0.002
4.334	0.014
4.336	-0.008
4.338	0
4.34	0.008
4.342	0.012
4.344	-0.016
4.346	0.016
4.348	-0.012
4.35	0.01
4.352	0.022
4.354	-0.002
4.356	-0.018
4.358	0.01
4.36	0.002
4.362	-0.002
4.364	0.014
4.366	-0.006
4.368	-0.018
4.37	0.016
4.372	-0.022
4.374	-0.002
4.376	0.006
4.378	0.012
4.38	-0.012
4.382	0.012
4.384	-0.02
4.386	0
4.388	0.016
4.39	0
4.392	-0.004
4.394	-0.002
4.396	-0.002
4.398	0.012
4.4	0.002
4.402	0.004
4.404	-0.004
4.406	0.004
4.408	-0.014
4.41	0.008
4.412	-0.008
4.414	0.016
4.416	0.014
4.418	-0.01
4.42	-0.01
4.422	0.002
4.424	0.006
4.426	0.002
4.428	0.016
4.43	-0.016
4.432	0.006
4.434	0.016
4.436	-0.006
4.438	0
4.44	0.014
4.442	-0.002
4.444	0
4.446	0.006
4.448	-0.008
4.45	0.004
4.452	0.022
4.454	-0.022
4.456	0
4.458	0
4.46	0.008
4.462	0.006
4.464	0.018
4.466	-0.018
4.468	0.006
4.47	0.008
4.472	-0.006
4.474	0.008
4.476	0.006
4.478	-0.004
4.48	0.016
4.482	0
4.484	-0.002
4.486	0.006
4.488	0.012
4.49	-0.02
4.492	0.008
4.494	-0.016
4.496	0.008
4.498	0.016