1.975	0.0152
1.97502	0.0168
1.97504	0.0152
1.97506	0.016
1.97508	0.0152
1.9751	0.0152
1.97512	0.0152
1.97514	0.016
1.97516	0.0152
1.97518	0.0152
1.9752	0.016
1.97522	0.0152
1.97524	0.0152
1.97526	0.0144
1.97528	0.0144
1.9753	0.0144
1.97532	0.0136
1.97534	0.0136
1.97536	0.0128
1.97538	0.0112
1.9754	0.0112
1.97542	0.0104
1.97544	0.0104
1.97546	0.0088
1.97548	0.0088
1.9755	0.0088
1.97552	0.008
1.97554	0.0072
1.97556	0.0072
1.97558	0.008
1.9756	0.0072
1.97562	0.0048
1.97564	0.0072
1.97566	0.0048
1.97568	0.0048
1.9757	0.004
1.97572	0.0032
1.97574	0.0024
1.97576	0.0024
1.97578	0.0024
1.9758	0.0032
1.97582	0.0024
1.97584	0.0032
1.97586	0.0024
1.97588	0.0016
1.9759	0.0016
1.97592	0.0016
1.97594	0.0024
1.97596	0.0024
1.97598	0.0008
1.976	0.0008
1.97602	-0.0008
1.97604	0
1.97606	0
1.97608	0.0008
1.9761	0
1.97612	0.0008
1.97614	0.0008
1.97616	0.0008
1.97618	0
1.9762	0
1.97622	0.0016
1.97624	0.0016
1.97626	0.0008
1.97628	0.0008
1.9763	0.0032
1.97632	0.0032
1.97634	0.0016
1.97636	0.004
1.97638	0.0032
1.9764	0.004
1.97642	0.0024
1.97644	0.004
1.97646	0.0048
1.97648	0.004
1.9765	0.0056
1.97652	0.0056
1.97654	0.0072
1.97656	0.0064
1.97658	0.0064
1.9766	0.0056
1.97662	0.0056
1.97664	0.0056
1.97666	0.004
1.97668	0.0056
1.9767	0.0048
1.97672	0.004
1.97674	0.0064
1.97676	0.0056
1.97678	0.0064
1.9768	0.0064
1.97682	0.0072
1.97684	0.0064
1.97686	0.0072
1.97688	0.0072
1.9769	0.0072
1.97692	0.008
1.97694	0.0064
1.97696	0.0064
1.97698	0.0064
1.977	0.0064
1.97702	0.0072
1.97704	0.0064
1.97706	0.0064
1.97708	0.0056
1.9771	0.0056
1.97712	0.0064
1.97714	0.0048
1.97716	0.0032
1.97718	0.0032
1.9772	0.004
1.97722	0.0032
1.97724	0.0032
1.97726	0.0032
1.97728	0.0016
1.9773	0.0016
1.97732	0.0016
1.97734	0.0016
1.97736	0.0008
1.97738	0.0016
1.9774	0.0024
1.97742	0.0016
1.97744	0.0024
1.97746	0.0024
1.97748	0.0024
1.9775	0.0032
1.97752	0.0032
1.97754	0.004
1.97756	0.004
1.97758	0.004
1.9776	0.0048
1.97762	0.004
1.97764	0.004
1.97766	0.0048
1.97768	0.0048
1.9777	0.0048
1.97772	0.0056
1.97774	0.0048
1.97776	0.0072
1.97778	0.0056
1.9778	0.0072
1.97782	0.0064
1.97784	0.008
1.97786	0.008
1.97788	0.0072
1.9779	0.0072
1.97792	0.0088
1.97794	0.0096
1.97796	0.0088
1.97798	0.008
1.978	0.008
1.97802	0.0088
1.97804	0.0088
1.97806	0.0096
1.97808	0.0104
1.9781	0.0088
1.97812	0.0104
1.97814	0.0104
1.97816	0.0112
1.97818	0.0112
1.9782	0.0112
1.97822	0.0096
1.97824	0.0112
1.97826	0.0088
1.97828	0.0104
1.9783	0.0104
1.97832	0.008
1.97834	0.0096
1.97836	0.008
1.97838	0.0088
1.9784	0.0064
1.97842	0.0072
1.97844	0.0064
1.97846	0.0072
1.97848	0.0056
1.9785	0.0064
1.97852	0.0048
1.97854	0.0048
1.97856	0.0032
1.97858	0.0032
1.9786	0.0016
1.97862	0.0016
1.97864	0.0008
1.97866	-0.0008
1.97868	-0.0008
1.9787	0
1.97872	-0.0016
1.97874	-0.0016
1.97876	-0.0032
1.97878	-0.0024
1.9788	-0.0032
1.97882	-0.0032
1.97884	-0.0048
1.97886	-0.0048
1.97888	-0.0056
1.9789	-0.0064
1.97892	-0.0064
1.97894	-0.0064
1.97896	-0.008
1.97898	-0.008
1.979	-0.0088
1.97902	-0.008
1.97904	-0.008
1.97906	-0.0072
1.97908	-0.0072
1.9791	-0.008
1.97912	-0.0064
1.97914	-0.0072
1.97916	-0.0072
1.97918	-0.0088
1.9792	-0.008
1.97922	-0.0072
1.97924	-0.0064
1.97926	-0.0064
1.97928	-0.0056
1.9793	-0.0056
1.97932	-0.0064
1.97934	-0.0056
1.97936	-0.0048
1.97938	-0.0032
1.9794	-0.0024
1.97942	-0.004
1.97944	-0.0008
1.97946	-0.0016
1.97948	-0.0008
1.9795	0
1.97952	0.0008
1.97954	0.0016
1.97956	0.0016
1.97958	0.0032
1.9796	0.004
1.97962	0.0048
1.97964	0.0056
1.97966	0.0064
1.97968	0.0088
1.9797	0.008
1.97972	0.0096
1.97974	0.012
1.97976	0.0128
1.97978	0.0112
1.9798	0.012
1.97982	0.012
1.97984	0.0128
1.97986	0.0144
1.97988	0.0136
1.9799	0.0136
1.97992	0.0144
1.97994	0.0144
1.97996	0.0136
1.97998	0.0144
1.98	0.0152
1.98002	0.0144
1.98004	0.0144
1.98006	0.0144
1.98008	0.0152
1.9801	0.0144
1.98012	0.0152
1.98014	0.016
1.98016	0.016
1.98018	0.0152
1.9802	0.0136
1.98022	0.0136
1.98024	0.0128
1.98026	0.0136
1.98028	0.0144
1.9803	0.0144
1.98032	0.0136
1.98034	0.0128
1.98036	0.0128
1.98038	0.0136
1.9804	0.012
1.98042	0.012
1.98044	0.012
1.98046	0.0104
1.98048	0.0104
1.9805	0.0096
1.98052	0.008
1.98054	0.008
1.98056	0.008
1.98058	0.0064
1.9806	0.0072
1.98062	0.0056
1.98064	0.0024
1.98066	0.0024
1.98068	0.0024
1.9807	0.0032
1.98072	0.0016
1.98074	0.0016
1.98076	0.0024
1.98078	0.0016
1.9808	0.0008
1.98082	0
1.98084	0.0008
1.98086	0
1.98088	-0.0008
1.9809	-0.0008
1.98092	-0.0016
1.98094	-0.0016
1.98096	-0.0024
1.98098	-0.0032
1.981	-0.0016
1.98102	-0.0024
1.98104	-0.004
1.98106	-0.0048
1.98108	-0.004
1.9811	-0.0048
1.98112	-0.0056
1.98114	-0.0064
1.98116	-0.0072
1.98118	-0.0064
1.9812	-0.0064
1.98122	-0.0088
1.98124	-0.0088
1.98126	-0.0096
1.98128	-0.0088
1.9813	-0.0112
1.98132	-0.0104
1.98134	-0.0096
1.98136	-0.0112
1.98138	-0.0096
1.9814	-0.0104
1.98142	-0.0104
1.98144	-0.0112
1.98146	-0.0128
1.98148	-0.012
1.9815	-0.012
1.98152	-0.0128
1.98154	-0.012
1.98156	-0.012
1.98158	-0.0128
1.9816	-0.0136
1.98162	-0.0128
1.98164	-0.0136
1.98166	-0.0136
1.98168	-0.0136
1.9817	-0.0128
1.98172	-0.0128
1.98174	-0.0128
1.98176	-0.0128
1.98178	-0.0128
1.9818	-0.0136
1.98182	-0.0144
1.98184	-0.0136
1.98186	-0.0136
1.98188	-0.0128
1.9819	-0.0136
1.98192	-0.0128
1.98194	-0.0128
1.98196	-0.0104
1.98198	-0.012
1.982	-0.0096
1.98202	-0.0104
1.98204	-0.0096
1.98206	-0.0104
1.98208	-0.0104
1.9821	-0.008
1.98212	-0.0096
1.98214	-0.008
1.98216	-0.0104
1.98218	-0.0088
1.9822	-0.0096
1.98222	-0.0096
1.98224	-0.0088
1.98226	-0.0096
1.98228	-0.0096
1.9823	-0.0088
1.98232	-0.0096
1.98234	-0.0096
1.98236	-0.0096
1.98238	-0.0096
1.9824	-0.008
1.98242	-0.0096
1.98244	-0.0104
1.98246	-0.0088
1.98248	-0.0096
1.9825	-0.0088
1.98252	-0.0088
1.98254	-0.0088
1.98256	-0.008
1.98258	-0.0096
1.9826	-0.0104
1.98262	-0.0088
1.98264	-0.0088
1.98266	-0.0088
1.98268	-0.0112
1.9827	-0.008
1.98272	-0.0088
1.98274	-0.0096
1.98276	-0.0088
1.98278	-0.008
1.9828	-0.008
1.98282	-0.0104
1.98284	-0.008
1.98286	-0.0096
1.98288	-0.0088
1.9829	-0.0096
1.98292	-0.008
1.98294	-0.008
1.98296	-0.0072
1.98298	-0.008
1.983	-0.0064
1.98302	-0.0072
1.98304	-0.0056
1.98306	-0.0048
1.98308	-0.0056
1.9831	-0.0048
1.98312	-0.0048
1.98314	-0.0048
1.98316	-0.004
1.98318	-0.0048
1.9832	-0.004
1.98322	-0.0024
1.98324	-0.0024
1.98326	-0.0016
1.98328	-0.0032
1.9833	-0.0008
1.98332	-0.0024
1.98334	0
1.98336	-0.0016
1.98338	0
1.9834	-0.0008
1.98342	-0.0016
1.98344	-0.0008
1.98346	0
1.98348	0
1.9835	-0.0008
1.98352	-0.0008
1.98354	0.0008
1.98356	0
1.98358	0.0016
1.9836	0
1.98362	0.0008
1.98364	0.0008
1.98366	0.0032
1.98368	0.0032
1.9837	0.0024
1.98372	0.0008
1.98374	0.0032
1.98376	0.004
1.98378	0.004
1.9838	0.0032
1.98382	0.0024
1.98384	0.004
1.98386	0.0032
1.98388	0.0032
1.9839	0.0032
1.98392	0.0016
1.98394	0.0032
1.98396	0.0032
1.98398	0.0024
1.984	0.0016
1.98402	0.0024
1.98404	0.0016
1.98406	0.0016
1.98408	0.0008
1.9841	0.0008
1.98412	0.0008
1.98414	-0.0016
1.98416	-0.0008
1.98418	0.0008
1.9842	-0.0008
1.98422	0
1.98424	-0.0008
1.98426	-0.0008
1.98428	0
1.9843	-0.0016
1.98432	-0.0008
1.98434	-0.0024
1.98436	-0.0016
1.98438	-0.0024
1.9844	-0.0032
1.98442	-0.0008
1.98444	-0.004
1.98446	-0.0024
1.98448	-0.0048
1.9845	-0.004
1.98452	-0.0056
1.98454	-0.0048
1.98456	-0.0048
1.98458	-0.0032
1.9846	-0.0032
1.98462	-0.0032
1.98464	-0.0048
1.98466	-0.004
1.98468	-0.0024
1.9847	-0.0024
1.98472	-0.0024
1.98474	-0.004
1.98476	-0.0024
1.98478	-0.0048
1.9848	-0.0032
1.98482	-0.0016
1.98484	-0.0032
1.98486	-0.0024
1.98488	0
1.9849	-0.0016
1.98492	0
1.98494	0
1.98496	-0.0008
1.98498	0
1.985	0.0008
1.98502	-0.0008
1.98504	0
1.98506	-0.0008
1.98508	0
1.9851	0
1.98512	0
1.98514	0
1.98516	0.0008
1.98518	-0.0008
1.9852	-0.0008
1.98522	-0.0008
1.98524	-0.0016
1.98526	0
1.98528	-0.0008
1.9853	-0.0008
1.98532	-0.0008
1.98534	0
1.98536	0
1.98538	-0.0008
1.9854	0
1.98542	-0.0024
1.98544	-0.0024
1.98546	-0.0024
1.98548	-0.0032
1.9855	-0.0016
1.98552	-0.0024
1.98554	-0.0032
1.98556	-0.004
1.98558	-0.0024
1.9856	-0.0024
1.98562	-0.0032
1.98564	-0.0032
1.98566	-0.0032
1.98568	-0.0056
1.9857	-0.0056
1.98572	-0.0064
1.98574	-0.0056
1.98576	-0.0056
1.98578	-0.0056
1.9858	-0.0056
1.98582	-0.0064
1.98584	-0.0064
1.98586	-0.0048
1.98588	-0.004
1.9859	-0.0048
1.98592	-0.0048
1.98594	-0.004
1.98596	-0.0048
1.98598	-0.0024
1.986	-0.0032
1.98602	-0.004
1.98604	-0.0016
1.98606	-0.0016
1.98608	-0.0032
1.9861	-0.0024
1.98612	-0.0008
1.98614	-0.0008
1.98616	-0.0016
1.98618	-0.0024
1.9862	-0.0008
1.98622	-0.0008
1.98624	0.0008
1.98626	0.0032
1.98628	0.0024
1.9863	0.0016
1.98632	0.0024
1.98634	0.0032
1.98636	0.0048
1.98638	0.0064
1.9864	0.0056
1.98642	0.0072
1.98644	0.0072
1.98646	0.0096
1.98648	0.0088
1.9865	0.0096
1.98652	0.012
1.98654	0.0112
1.98656	0.0128
1.98658	0.0152
1.9866	0.0136
1.98662	0.0152
1.98664	0.016
1.98666	0.0168
1.98668	0.0176
1.9867	0.0168
1.98672	0.0168
1.98674	0.0184
1.98676	0.0192
1.98678	0.0184
1.9868	0.0176
1.98682	0.0192
1.98684	0.0184
1.98686	0.0184
1.98688	0.0184
1.9869	0.02
1.98692	0.02
1.98694	0.02
1.98696	0.02
1.98698	0.02
1.987	0.0192
1.98702	0.0192
1.98704	0.0192
1.98706	0.0192
1.98708	0.0192
1.9871	0.0208
1.98712	0.0184
1.98714	0.02
1.98716	0.0192
1.98718	0.0184
1.9872	0.0192
1.98722	0.0184
1.98724	0.0184
1.98726	0.0184
1.98728	0.016
1.9873	0.016
1.98732	0.016
1.98734	0.0152
1.98736	0.0144
1.98738	0.0136
1.9874	0.0144
1.98742	0.0112
1.98744	0.0112
1.98746	0.0096
1.98748	0.0112
1.9875	0.0088
1.98752	0.0088
1.98754	0.0088
1.98756	0.0072
1.98758	0.0088
1.9876	0.0072
1.98762	0.0064
1.98764	0.0064
1.98766	0.0048
1.98768	0.0056
1.9877	0.0056
1.98772	0.004
1.98774	0.004
1.98776	0.0032
1.98778	0.0048
1.9878	0.004
1.98782	0.0032
1.98784	0.0032
1.98786	0.0032
1.98788	0.0016
1.9879	0.0016
1.98792	0.0032
1.98794	0.0024
1.98796	0.0008
1.98798	0.0024
1.988	0.0024
1.98802	0.0032
1.98804	0.0016
1.98806	0.0016
1.98808	0.0016
1.9881	0.0024
1.98812	0.0032
1.98814	0.004
1.98816	0.0032
1.98818	0.004
1.9882	0.004
1.98822	0.004
1.98824	0.0032
1.98826	0.0048
1.98828	0.0048
1.9883	0.0056
1.98832	0.0056
1.98834	0.0056
1.98836	0.0056
1.98838	0.0064
1.9884	0.0072
1.98842	0.008
1.98844	0.0072
1.98846	0.0072
1.98848	0.0088
1.9885	0.0088
1.98852	0.0104
1.98854	0.0104
1.98856	0.0104
1.98858	0.0104
1.9886	0.0104
1.98862	0.012
1.98864	0.0112
1.98866	0.0112
1.98868	0.012
1.9887	0.0136
1.98872	0.012
1.98874	0.0144
1.98876	0.0128
1.98878	0.0128
1.9888	0.0152
1.98882	0.0152
1.98884	0.0144
1.98886	0.0152
1.98888	0.0144
1.9889	0.0152
1.98892	0.0144
1.98894	0.016
1.98896	0.016
1.98898	0.0144
1.989	0.0144
1.98902	0.0128
1.98904	0.0112
1.98906	0.0144
1.98908	0.0128
1.9891	0.0136
1.98912	0.0112
1.98914	0.0112
1.98916	0.012
1.98918	0.0112
1.9892	0.0112
1.98922	0.0112
1.98924	0.0112
1.98926	0.0104
1.98928	0.0088
1.9893	0.0096
1.98932	0.008
1.98934	0.008
1.98936	0.0072
1.98938	0.0064
1.9894	0.0072
1.98942	0.0064
1.98944	0.0064
1.98946	0.0056
1.98948	0.004
1.9895	0.0024
1.98952	0.004
1.98954	0.004
1.98956	0.0024
1.98958	0.0016
1.9896	0.0024
1.98962	0.0016
1.98964	0
1.98966	0.0008
1.98968	0
1.9897	-0.0008
1.98972	-0.0016
1.98974	-0.0024
1.98976	-0.0016
1.98978	-0.0024
1.9898	-0.0024
1.98982	-0.0032
1.98984	-0.0016
1.98986	-0.0008
1.98988	-0.0016
1.9899	-0.0016
1.98992	-0.0024
1.98994	-0.0008
1.98996	-0.0016
1.98998	-0.0016
1.99	-0.0032
1.99002	-0.0016
1.99004	-0.0024
1.99006	-0.0024
1.99008	-0.0016
1.9901	-0.0016
1.99012	-0.0016
1.99014	-0.0016
1.99016	-0.0024
1.99018	-0.0016
1.9902	-0.0016
1.99022	-0.0032
1.99024	-0.004
1.99026	-0.0056
1.99028	-0.0064
1.9903	-0.0056
1.99032	-0.0056
1.99034	-0.0064
1.99036	-0.0064
1.99038	-0.008
1.9904	-0.0072
1.99042	-0.0088
1.99044	-0.0088
1.99046	-0.0072
1.99048	-0.008
1.9905	-0.0088
1.99052	-0.0096
1.99054	-0.0104
1.99056	-0.0096
1.99058	-0.0096
1.9906	-0.0088
1.99062	-0.012
1.99064	-0.0112
1.99066	-0.0128
1.99068	-0.0128
1.9907	-0.0128
1.99072	-0.0128
1.99074	-0.0136
1.99076	-0.0144
1.99078	-0.0136
1.9908	-0.0144
1.99082	-0.0144
1.99084	-0.0144
1.99086	-0.0144
1.99088	-0.0168
1.9909	-0.0176
1.99092	-0.0176
1.99094	-0.016
1.99096	-0.0176
1.99098	-0.0192
1.991	-0.0192
1.99102	-0.0176
1.99104	-0.0168
1.99106	-0.0168
1.99108	-0.0176
1.9911	-0.0176
1.99112	-0.016
1.99114	-0.0176
1.99116	-0.0168
1.99118	-0.0168
1.9912	-0.0168
1.99122	-0.0168
1.99124	-0.0144
1.99126	-0.0128
1.99128	-0.0144
1.9913	-0.016
1.99132	-0.0152
1.99134	-0.0144
1.99136	-0.0144
1.99138	-0.0144
1.9914	-0.0136
1.99142	-0.0128
1.99144	-0.0112
1.99146	-0.0128
1.99148	-0.0104
1.9915	-0.0104
1.99152	-0.0112
1.99154	-0.0104
1.99156	-0.0112
1.99158	-0.0096
1.9916	-0.0096
1.99162	-0.0088
1.99164	-0.0096
1.99166	-0.0096
1.99168	-0.0064
1.9917	-0.0064
1.99172	-0.0064
1.99174	-0.0048
1.99176	-0.0048
1.99178	-0.004
1.9918	-0.0016
1.99182	-0.0016
1.99184	-0.0016
1.99186	-0.0024
1.99188	-0.0024
1.9919	-0.0008
1.99192	-0.0008
1.99194	-0.0008
1.99196	0.0008
1.99198	0.0008
1.992	0.0016
1.99202	0.0016
1.99204	0.0024
1.99206	0.0024
1.99208	0.0032
1.9921	0.004
1.99212	0.0056
1.99214	0.004
1.99216	0.0048
1.99218	0.0048
1.9922	0.004
1.99222	0.0048
1.99224	0.0048
1.99226	0.004
1.99228	0.004
1.9923	0.004
1.99232	0.0048
1.99234	0.004
1.99236	0.0048
1.99238	0.0056
1.9924	0.004
1.99242	0.0056
1.99244	0.0056
1.99246	0.0048
1.99248	0.004
1.9925	0.0056
1.99252	0.0048
1.99254	0.0056
1.99256	0.0056
1.99258	0.004
1.9926	0.0064
1.99262	0.0048
1.99264	0.0064
1.99266	0.0072
1.99268	0.0088
1.9927	0.0056
1.99272	0.008
1.99274	0.008
1.99276	0.008
1.99278	0.008
1.9928	0.0088
1.99282	0.0088
1.99284	0.0096
1.99286	0.0088
1.99288	0.008
1.9929	0.0096
1.99292	0.0088
1.99294	0.0088
1.99296	0.0096
1.99298	0.0088
1.993	0.0112
1.99302	0.0104
1.99304	0.012
1.99306	0.012
1.99308	0.012
1.9931	0.0112
1.99312	0.0128
1.99314	0.0144
1.99316	0.0136
1.99318	0.0128
1.9932	0.0144
1.99322	0.016
1.99324	0.0144
1.99326	0.0152
1.99328	0.016
1.9933	0.0168
1.99332	0.0152
1.99334	0.0168
1.99336	0.0168
1.99338	0.0168
1.9934	0.0176
1.99342	0.016
1.99344	0.0184
1.99346	0.0168
1.99348	0.016
1.9935	0.0152
1.99352	0.0152
1.99354	0.016
1.99356	0.0144
1.99358	0.0136
1.9936	0.012
1.99362	0.0128
1.99364	0.012
1.99366	0.0104
1.99368	0.012
1.9937	0.0104
1.99372	0.0112
1.99374	0.0096
1.99376	0.0088
1.99378	0.0096
1.9938	0.0096
1.99382	0.0064
1.99384	0.0072
1.99386	0.0064
1.99388	0.0048
1.9939	0.0048
1.99392	0.004
1.99394	0.0048
1.99396	0.004
1.99398	0.0024
1.994	0.0024
1.99402	0.0032
1.99404	0.0024
1.99406	-0.0008
1.99408	-0.0008
1.9941	-0.0008
1.99412	0
1.99414	-0.0016
1.99416	-0.0016
1.99418	-0.0024
1.9942	-0.0048
1.99422	-0.0056
1.99424	-0.0064
1.99426	-0.008
1.99428	-0.0088
1.9943	-0.008
1.99432	-0.0104
1.99434	-0.0104
1.99436	-0.0112
1.99438	-0.0096
1.9944	-0.0112
1.99442	-0.0128
1.99444	-0.0128
1.99446	-0.0128
1.99448	-0.0128
1.9945	-0.0128
1.99452	-0.0128
1.99454	-0.0136
1.99456	-0.0144
1.99458	-0.0136
1.9946	-0.0144
1.99462	-0.0152
1.99464	-0.0144
1.99466	-0.0144
1.99468	-0.0144
1.9947	-0.0152
1.99472	-0.0168
1.99474	-0.0152
1.99476	-0.016
1.99478	-0.0152
1.9948	-0.016
1.99482	-0.0168
1.99484	-0.0152
1.99486	-0.0152
1.99488	-0.016
1.9949	-0.0144
1.99492	-0.0144
1.99494	-0.0144
1.99496	-0.016
1.99498	-0.0136
1.995	-0.0128
1.99502	-0.0136
1.99504	-0.0128
1.99506	-0.0128
1.99508	-0.0112
1.9951	-0.012
1.99512	-0.0112
1.99514	-0.0104
1.99516	-0.0096
1.99518	-0.012
1.9952	-0.0096
1.99522	-0.0096
1.99524	-0.0112
1.99526	-0.0104
1.99528	-0.0096
1.9953	-0.0096
1.99532	-0.0096
1.99534	-0.008
1.99536	-0.008
1.99538	-0.008
1.9954	-0.0064
1.99542	-0.0072
1.99544	-0.0072
1.99546	-0.0056
1.99548	-0.0064
1.9955	-0.0048
1.99552	-0.0048
1.99554	-0.0048
1.99556	-0.0032
1.99558	-0.0016
1.9956	-0.0008
1.99562	-0.0008
1.99564	-0.0016
1.99566	0
1.99568	0.0008
1.9957	0.0024
1.99572	0.0016
1.99574	0.0032
1.99576	0.0024
1.99578	0.0032
1.9958	0.004
1.99582	0.004
1.99584	0.004
1.99586	0.0048
1.99588	0.0048
1.9959	0.0064
1.99592	0.0064
1.99594	0.008
1.99596	0.0072
1.99598	0.0088
1.996	0.0096
1.99602	0.0088
1.99604	0.0088
1.99606	0.0088
1.99608	0.0096
1.9961	0.0088
1.99612	0.0088
1.99614	0.0096
1.99616	0.0088
1.99618	0.0104
1.9962	0.0104
1.99622	0.0112
1.99624	0.0104
1.99626	0.0104
1.99628	0.0112
1.9963	0.0112
1.99632	0.0112
1.99634	0.0096
1.99636	0.0112
1.99638	0.0112
1.9964	0.0104
1.99642	0.0088
1.99644	0.0104
1.99646	0.0088
1.99648	0.0096
1.9965	0.0088
1.99652	0.0096
1.99654	0.0096
1.99656	0.0088
1.99658	0.008
1.9966	0.0088
1.99662	0.0104
1.99664	0.0096
1.99666	0.0088
1.99668	0.0088
1.9967	0.0088
1.99672	0.0088
1.99674	0.008
1.99676	0.0088
1.99678	0.0072
1.9968	0.008
1.99682	0.0072
1.99684	0.0072
1.99686	0.0072
1.99688	0.0064
1.9969	0.008
1.99692	0.0064
1.99694	0.008
1.99696	0.0072
1.99698	0.0064
1.997	0.0072
1.99702	0.0056
1.99704	0.0056
1.99706	0.0048
1.99708	0.0056
1.9971	0.0048
1.99712	0.0032
1.99714	0.004
1.99716	0.004
1.99718	0.0024
1.9972	0.004
1.99722	0.0032
1.99724	0.004
1.99726	0.0048
1.99728	0.004
1.9973	0.0064
1.99732	0.004
1.99734	0.0056
1.99736	0.0032
1.99738	0.004
1.9974	0.0032
1.99742	0.0032
1.99744	0.0024
1.99746	0.0032
1.99748	0.0024
1.9975	0.0024
1.99752	0.0016
1.99754	0.0016
1.99756	0.0016
1.99758	0.0008
1.9976	0.0016
1.99762	0.0008
1.99764	0.0016
1.99766	0.0008
1.99768	-0.0008
1.9977	-0.0008
1.99772	-0.0008
1.99774	-0.0024
1.99776	-0.0024
1.99778	-0.0024
1.9978	-0.0032
1.99782	-0.004
1.99784	-0.0024
1.99786	-0.0032
1.99788	-0.0016
1.9979	-0.0024
1.99792	-0.0016
1.99794	-0.0032
1.99796	-0.004
1.99798	-0.004
1.998	-0.0024
1.99802	-0.004
1.99804	-0.004
1.99806	-0.004
1.99808	-0.0032
1.9981	-0.004
1.99812	-0.0056
1.99814	-0.0048
1.99816	-0.0056
1.99818	-0.0056
1.9982	-0.004
1.99822	-0.0032
1.99824	-0.004
1.99826	-0.0048
1.99828	-0.004
1.9983	-0.0032
1.99832	-0.004
1.99834	-0.0024
1.99836	-0.004
1.99838	-0.004
1.9984	-0.0032
1.99842	-0.0024
1.99844	-0.0016
1.99846	-0.0024
1.99848	-0.0024
1.9985	-0.0016
1.99852	0
1.99854	-0.0008
1.99856	-0.0008
1.99858	-0.0008
1.9986	0
1.99862	0.0016
1.99864	0.0016
1.99866	0.0008
1.99868	0.0016
1.9987	0.0008
1.99872	0.0008
1.99874	0.0008
1.99876	0.0016
1.99878	0.0016
1.9988	0.0016
1.99882	0.0008
1.99884	0.0008
1.99886	0.0008
1.99888	0.0016
1.9989	0.0016
1.99892	0.0016
1.99894	0.0016
1.99896	0.0008
1.99898	0
1.999	0
1.99902	0.0008
1.99904	0.0008
1.99906	0.0008
1.99908	0.0008
1.9991	0.0008
1.99912	0.0008
1.99914	0
1.99916	0
1.99918	0.0008
1.9992	-0.0008
1.99922	-0.0008
1.99924	-0.0016
1.99926	-0.0024
1.99928	-0.0016
1.9993	-0.004
1.99932	-0.0032
1.99934	-0.004
1.99936	-0.004
1.99938	-0.0032
1.9994	-0.0032
1.99942	-0.0064
1.99944	-0.0056
1.99946	-0.0048
1.99948	-0.0056
1.9995	-0.0048
1.99952	-0.0072
1.99954	-0.0072
1.99956	-0.0072
1.99958	-0.0064
1.9996	-0.008
1.99962	-0.0064
1.99964	-0.0072
1.99966	-0.008
1.99968	-0.0072
1.9997	-0.0072
1.99972	-0.008
1.99974	-0.008
1.99976	-0.008
1.99978	-0.008
1.9998	-0.0088
1.99982	-0.0088
1.99984	-0.0088
1.99986	-0.008
1.99988	-0.008
1.9999	-0.0088
1.99992	-0.008
1.99994	-0.0088
1.99996	-0.008
1.99998	-0.008
2	-0.0064
2.00002	-0.0056
2.00004	-0.0056
2.00006	-0.004
2.00008	-0.0048
2.0001	-0.0024
2.00012	-0.0032
2.00014	-0.0016
2.00016	-0.0024
2.00018	-0.0008
2.0002	-0.0016
2.00022	0.0016
2.00024	0.0016
2.00026	0.0008
2.00028	0.0032
2.0003	0.0016
2.00032	0.0024
2.00034	0.0024
2.00036	0.0016
2.00038	0.004
2.0004	0.0032
2.00042	0.004
2.00044	0.0048
2.00046	0.0032
2.00048	0.0032
2.0005	0.0032
2.00052	0.0032
2.00054	0.004
2.00056	0.0048
2.00058	0.004
2.0006	0.004
2.00062	0.0056
2.00064	0.0056
2.00066	0.004
2.00068	0.004
2.0007	0.0064
2.00072	0.0048
2.00074	0.0048
2.00076	0.008
2.00078	0.0056
2.0008	0.0064
2.00082	0.0072
2.00084	0.0072
2.00086	0.008
2.00088	0.008
2.0009	0.0072
2.00092	0.0072
2.00094	0.0072
2.00096	0.0056
2.00098	0.0064
2.001	0.0056
2.00102	0.0064
2.00104	0.0056
2.00106	0.0056
2.00108	0.0056
2.0011	0.004
2.00112	0.0048
2.00114	0.0048
2.00116	0.0056
2.00118	0.004
2.0012	0.004
2.00122	0.0056
2.00124	0.0056
2.00126	0.0048
2.00128	0.004
2.0013	0.0056
2.00132	0.0056
2.00134	0.0048
2.00136	0.0048
2.00138	0.0048
2.0014	0.0048
2.00142	0.0048
2.00144	0.0048
2.00146	0.0064
2.00148	0.0064
2.0015	0.004
2.00152	0.0072
2.00154	0.0064
2.00156	0.0056
2.00158	0.0048
2.0016	0.004
2.00162	0.0072
2.00164	0.0056
2.00166	0.0064
2.00168	0.0056
2.0017	0.0064
2.00172	0.0064
2.00174	0.0056
2.00176	0.0072
2.00178	0.0072
2.0018	0.0072
2.00182	0.008
2.00184	0.0072
2.00186	0.0064
2.00188	0.0072
2.0019	0.008
2.00192	0.0072
2.00194	0.0096
2.00196	0.0072
2.00198	0.008
2.002	0.008
2.00202	0.0088
2.00204	0.0096
2.00206	0.0072
2.00208	0.0088
2.0021	0.0088
2.00212	0.0088
2.00214	0.0088
2.00216	0.0112
2.00218	0.0104
2.0022	0.0104
2.00222	0.0088
2.00224	0.0096
2.00226	0.0096
2.00228	0.0096
2.0023	0.0112
2.00232	0.0112
2.00234	0.0096
2.00236	0.0112
2.00238	0.0112
2.0024	0.0104
2.00242	0.0112
2.00244	0.0104
2.00246	0.0112
2.00248	0.0096
2.0025	0.0112
2.00252	0.0104
2.00254	0.0104
2.00256	0.0112
2.00258	0.0104
2.0026	0.0096
2.00262	0.0088
2.00264	0.0096
2.00266	0.0096
2.00268	0.008
2.0027	0.008
2.00272	0.0064
2.00274	0.0072
2.00276	0.0072
2.00278	0.0072
2.0028	0.0064
2.00282	0.0048
2.00284	0.0048
2.00286	0.0056
2.00288	0.004
2.0029	0.0032
2.00292	0.0016
2.00294	0.0032
2.00296	0.0032
2.00298	0.0024
2.003	0.0008
2.00302	0.0024
2.00304	0.0008
2.00306	0.0008
2.00308	0
2.0031	-0.0008
2.00312	0
2.00314	-0.0016
2.00316	-0.0008
2.00318	-0.0016
2.0032	-0.0016
2.00322	-0.004
2.00324	-0.004
2.00326	-0.0048
2.00328	-0.0056
2.0033	-0.0048
2.00332	-0.0064
2.00334	-0.0048
2.00336	-0.0064
2.00338	-0.0064
2.0034	-0.0064
2.00342	-0.0072
2.00344	-0.0056
2.00346	-0.0072
2.00348	-0.0064
2.0035	-0.0064
2.00352	-0.0056
2.00354	-0.0064
2.00356	-0.0064
2.00358	-0.0056
2.0036	-0.0072
2.00362	-0.0064
2.00364	-0.008
2.00366	-0.0056
2.00368	-0.0064
2.0037	-0.0056
2.00372	-0.0048
2.00374	-0.0056
2.00376	-0.0056
2.00378	-0.0056
2.0038	-0.0048
2.00382	-0.0056
2.00384	-0.0056
2.00386	-0.0048
2.00388	-0.0056
2.0039	-0.0056
2.00392	-0.0056
2.00394	-0.0048
2.00396	-0.0048
2.00398	-0.0032
2.004	-0.0048
2.00402	-0.004
2.00404	-0.0032
2.00406	-0.0016
2.00408	-0.0024
2.0041	-0.0016
2.00412	-0.0008
2.00414	0
2.00416	0.0008
2.00418	-0.0008
2.0042	0.0008
2.00422	0.0016
2.00424	0.0008
2.00426	0
2.00428	0.0016
2.0043	0.0016
2.00432	0.0016
2.00434	0.0016
2.00436	0.0024
2.00438	0.0032
2.0044	0.0024
2.00442	0.0032
2.00444	0.0024
2.00446	0.0024
2.00448	0.004
2.0045	0.004
2.00452	0.0024
2.00454	0.0032
2.00456	0.0016
2.00458	0.0024
2.0046	0.004
2.00462	0.0032
2.00464	0.0056
2.00466	0.0032
2.00468	0.0032
2.0047	0.0056
2.00472	0.0048
2.00474	0.0048
2.00476	0.0056
2.00478	0.0072
2.0048	0.0072
2.00482	0.0088
2.00484	0.0072
2.00486	0.008
2.00488	0.0088
2.0049	0.0088
2.00492	0.0096
2.00494	0.0112
2.00496	0.0104
2.00498	0.0104
2.005	0.0112
2.00502	0.012
2.00504	0.0112
2.00506	0.0128
2.00508	0.0128
2.0051	0.0144
2.00512	0.0136
2.00514	0.0152
2.00516	0.0128
2.00518	0.0136
2.0052	0.0152
2.00522	0.0152
2.00524	0.0144
2.00526	0.0136
2.00528	0.016
2.0053	0.016
2.00532	0.016
2.00534	0.016
2.00536	0.0176
2.00538	0.0168
2.0054	0.0168
2.00542	0.0168
2.00544	0.0176
2.00546	0.016
2.00548	0.0152
2.0055	0.0176
2.00552	0.0152
2.00554	0.0152
2.00556	0.016
2.00558	0.0144
2.0056	0.0152
2.00562	0.0152
2.00564	0.0144
2.00566	0.0144
2.00568	0.0144
2.0057	0.0128
2.00572	0.0128
2.00574	0.0112
2.00576	0.0112
2.00578	0.0112
2.0058	0.008
2.00582	0.0088
2.00584	0.008
2.00586	0.008
2.00588	0.0064
2.0059	0.0048
2.00592	0.004
2.00594	0.0056
2.00596	0.0016
2.00598	0.0016
2.006	0.0008
2.00602	0
2.00604	0.0008
2.00606	-0.0008
2.00608	0
2.0061	-0.0008
2.00612	-0.0032
2.00614	-0.0032
2.00616	-0.004
2.00618	-0.004
2.0062	-0.004
2.00622	-0.0064
2.00624	-0.0072
2.00626	-0.0056
2.00628	-0.0048
2.0063	-0.008
2.00632	-0.0064
2.00634	-0.0064
2.00636	-0.0072
2.00638	-0.0072
2.0064	-0.0072
2.00642	-0.0088
2.00644	-0.0088
2.00646	-0.0088
2.00648	-0.0064
2.0065	-0.0088
2.00652	-0.0096
2.00654	-0.0088
2.00656	-0.0088
2.00658	-0.0088
2.0066	-0.0088
2.00662	-0.0088
2.00664	-0.0088
2.00666	-0.0088
2.00668	-0.008
2.0067	-0.0064
2.00672	-0.0056
2.00674	-0.0064
2.00676	-0.0056
2.00678	-0.0048
2.0068	-0.0032
2.00682	-0.004
2.00684	-0.004
2.00686	-0.0032
2.00688	-0.0032
2.0069	-0.0024
2.00692	-0.0024
2.00694	-0.0024
2.00696	0
2.00698	0
2.007	0.0008
2.00702	0.0016
2.00704	0.0016
2.00706	0.0024
2.00708	0.0032
2.0071	0.0024
2.00712	0.0016
2.00714	0.0032
2.00716	0.0032
2.00718	0.0024
2.0072	0.0008
2.00722	0.0016
2.00724	0.0024
2.00726	0.0016
2.00728	0.0016
2.0073	0.0016
2.00732	0.0008
2.00734	0.0016
2.00736	0.0016
2.00738	-0.0008
2.0074	-0.0016
2.00742	0.0008
2.00744	0.0008
2.00746	-0.0016
2.00748	-0.0008
2.0075	-0.0016
2.00752	-0.0008
2.00754	-0.0008
2.00756	-0.0016
2.00758	-0.0024
2.0076	-0.0024
2.00762	-0.0032
2.00764	-0.0024
2.00766	-0.0024
2.00768	-0.0024
2.0077	-0.0032
2.00772	-0.004
2.00774	-0.0048
2.00776	-0.0072
2.00778	-0.0064
2.0078	-0.0064
2.00782	-0.0064
2.00784	-0.0072
2.00786	-0.0088
2.00788	-0.0088
2.0079	-0.0104
2.00792	-0.0104
2.00794	-0.0104
2.00796	-0.0096
2.00798	-0.0112
2.008	-0.0112
2.00802	-0.0096
2.00804	-0.012
2.00806	-0.0112
2.00808	-0.0104
2.0081	-0.0112
2.00812	-0.0112
2.00814	-0.0128
2.00816	-0.012
2.00818	-0.012
2.0082	-0.0112
2.00822	-0.0128
2.00824	-0.012
2.00826	-0.0104
2.00828	-0.0104
2.0083	-0.0112
2.00832	-0.012
2.00834	-0.0096
2.00836	-0.012
2.00838	-0.0112
2.0084	-0.012
2.00842	-0.0112
2.00844	-0.0104
2.00846	-0.0112
2.00848	-0.012
2.0085	-0.0128
2.00852	-0.0128
2.00854	-0.0112
2.00856	-0.0112
2.00858	-0.0128
2.0086	-0.012
2.00862	-0.0128
2.00864	-0.0104
2.00866	-0.012
2.00868	-0.0104
2.0087	-0.0104
2.00872	-0.0128
2.00874	-0.012
2.00876	-0.012
2.00878	-0.012
2.0088	-0.0128
2.00882	-0.012
2.00884	-0.0128
2.00886	-0.012
2.00888	-0.012
2.0089	-0.012
2.00892	-0.012
2.00894	-0.012
2.00896	-0.0128
2.00898	-0.012
2.009	-0.0128
2.00902	-0.0112
2.00904	-0.012
2.00906	-0.0096
2.00908	-0.012
2.0091	-0.0112
2.00912	-0.0104
2.00914	-0.0096
2.00916	-0.0096
2.00918	-0.0088
2.0092	-0.0096
2.00922	-0.008
2.00924	-0.0088
2.00926	-0.0072
2.00928	-0.0064
2.0093	-0.0048
2.00932	-0.0056
2.00934	-0.0056
2.00936	-0.0048
2.00938	-0.0048
2.0094	-0.0032
2.00942	-0.004
2.00944	-0.0032
2.00946	-0.0048
2.00948	-0.004
2.0095	-0.0032
2.00952	-0.0024
2.00954	-0.0008
2.00956	-0.0016
2.00958	-0.0016
2.0096	-0.0016
2.00962	-0.0008
2.00964	-0.0008
2.00966	-0.0008
2.00968	-0.0016
2.0097	0.0008
2.00972	0.0008
2.00974	0
2.00976	0.0008
2.00978	0.0008
2.0098	0.0008
2.00982	0.0008
2.00984	-0.0008
2.00986	0.0016
2.00988	0.0008
2.0099	0
2.00992	0
2.00994	0
2.00996	0.0024
2.00998	0
2.01	0.0008
2.01002	0.0016
2.01004	0.0008
2.01006	-0.0008
2.01008	0.0008
2.0101	0
2.01012	0.0008
2.01014	0.0008
2.01016	0.0008
2.01018	0.0008
2.0102	0.0008
2.01022	0
2.01024	0.0008
2.01026	0.0008
2.01028	0.0016
2.0103	0.0016
2.01032	0.0024
2.01034	0.0024
2.01036	0.0024
2.01038	0.0016
2.0104	0.0024
2.01042	0.0032
2.01044	0.0008
2.01046	0.0032
2.01048	0.0032
2.0105	0.0032
2.01052	0.004
2.01054	0.004
2.01056	0.0032
2.01058	0.0048
2.0106	0.0032
2.01062	0.0048
2.01064	0.004
2.01066	0.0056
2.01068	0.0056
2.0107	0.004
2.01072	0.004
2.01074	0.0032
2.01076	0.0048
2.01078	0.0048
2.0108	0.0048
2.01082	0.0056
2.01084	0.004
2.01086	0.0056
2.01088	0.0056
2.0109	0.004
2.01092	0.0056
2.01094	0.0048
2.01096	0.0056
2.01098	0.0056
2.011	0.0064
2.01102	0.0072
2.01104	0.0064
2.01106	0.0064
2.01108	0.0056
2.0111	0.0056
2.01112	0.0064
2.01114	0.0064
2.01116	0.0064
2.01118	0.0064
2.0112	0.008
2.01122	0.0064
2.01124	0.0056
2.01126	0.0064
2.01128	0.0072
2.0113	0.0072
2.01132	0.0048
2.01134	0.0048
2.01136	0.004
2.01138	0.0048
2.0114	0.004
2.01142	0.0048
2.01144	0.004
2.01146	0.004
2.01148	0.0048
2.0115	0.004
2.01152	0.0048
2.01154	0.004
2.01156	0.0056
2.01158	0.004
2.0116	0.0056
2.01162	0.0056
2.01164	0.004
2.01166	0.0032
2.01168	0.0032
2.0117	0.0024
2.01172	0.0032
2.01174	0.0024
2.01176	0.0032
2.01178	0.0024
2.0118	0.004
2.01182	0.0032
2.01184	0.0024
2.01186	0.0032
2.01188	0.0032
2.0119	0.0032
2.01192	0.0016
2.01194	0.004
2.01196	0.004
2.01198	0.0016
2.012	0.0024
2.01202	0.0024
2.01204	0.0016
2.01206	0.004
2.01208	0.0032
2.0121	0.004
2.01212	0.0048
2.01214	0.004
2.01216	0.0032
2.01218	0.004
2.0122	0.0056
2.01222	0.0064
2.01224	0.0064
2.01226	0.0056
2.01228	0.0048
2.0123	0.0048
2.01232	0.004
2.01234	0.004
2.01236	0.004
2.01238	0.0048
2.0124	0.0032
2.01242	0.0048
2.01244	0.004
2.01246	0.0048
2.01248	0.004
2.0125	0.004
2.01252	0.0032
2.01254	0.0024
2.01256	0.0032
2.01258	0.0032
2.0126	0.0024
2.01262	0.0032
2.01264	0.0016
2.01266	0.0016
2.01268	0.0016
2.0127	0.0016
2.01272	0
2.01274	0
2.01276	0
2.01278	0.0008
2.0128	-0.0008
2.01282	0
2.01284	0
2.01286	-0.0008
2.01288	0.0008
2.0129	-0.0008
2.01292	-0.0008
2.01294	-0.0016
2.01296	-0.0024
2.01298	-0.0024
2.013	-0.0024
2.01302	-0.0032
2.01304	-0.0008
2.01306	-0.0024
2.01308	0
2.0131	-0.0024
2.01312	-0.0016
2.01314	-0.0008
2.01316	0
2.01318	-0.0008
2.0132	0.0008
2.01322	0.0016
2.01324	0.0008
2.01326	0.0016
2.01328	0.0016
2.0133	0.0016
2.01332	0.0016
2.01334	0.0016
2.01336	0.0024
2.01338	0.0032
2.0134	0.0024
2.01342	0.0032
2.01344	0.0032
2.01346	0.004
2.01348	0.0048
2.0135	0.0056
2.01352	0.0056
2.01354	0.0064
2.01356	0.0056
2.01358	0.0056
2.0136	0.0072
2.01362	0.008
2.01364	0.0088
2.01366	0.0088
2.01368	0.0088
2.0137	0.0088
2.01372	0.0104
2.01374	0.012
2.01376	0.012
2.01378	0.012
2.0138	0.0136
2.01382	0.0144
2.01384	0.0128
2.01386	0.016
2.01388	0.016
2.0139	0.016
2.01392	0.016
2.01394	0.016
2.01396	0.0168
2.01398	0.016
2.014	0.0152
2.01402	0.016
2.01404	0.016
2.01406	0.0152
2.01408	0.0168
2.0141	0.0152
2.01412	0.016
2.01414	0.016
2.01416	0.0168
2.01418	0.0168
2.0142	0.0168
2.01422	0.0152
2.01424	0.016
2.01426	0.016
2.01428	0.016
2.0143	0.0144
2.01432	0.0152
2.01434	0.0152
2.01436	0.0144
2.01438	0.0152
2.0144	0.0152
2.01442	0.0144
2.01444	0.0136
2.01446	0.0144
2.01448	0.016
2.0145	0.0144
2.01452	0.0144
2.01454	0.0136
2.01456	0.0128
2.01458	0.0136
2.0146	0.0112
2.01462	0.0128
2.01464	0.012
2.01466	0.0104
2.01468	0.0088
2.0147	0.0096
2.01472	0.0088
2.01474	0.008
2.01476	0.008
2.01478	0.0072
2.0148	0.008
2.01482	0.0088
2.01484	0.0072
2.01486	0.0064
2.01488	0.0056
2.0149	0.0048
2.01492	0.004
2.01494	0.0048
2.01496	0.004
2.01498	0.004
2.015	0.0032
2.01502	0.004
2.01504	0.0024
2.01506	0.0024
2.01508	0.0024
2.0151	0.0024
2.01512	0.0032
2.01514	0.0024
2.01516	0.0024
2.01518	0
2.0152	0
2.01522	-0.0008
2.01524	0.0008
2.01526	0
2.01528	0
2.0153	-0.0016
2.01532	-0.0008
2.01534	0
2.01536	-0.0008
2.01538	-0.0024
2.0154	-0.0016
2.01542	-0.0008
2.01544	-0.0008
2.01546	-0.0008
2.01548	0
2.0155	-0.0016
2.01552	0.0008
2.01554	0.0008
2.01556	0
2.01558	-0.0008
2.0156	0
2.01562	-0.0008
2.01564	-0.0008
2.01566	-0.0008
2.01568	0.0008
2.0157	0.0016
2.01572	-0.0008
2.01574	0
2.01576	-0.0008
2.01578	0.0008
2.0158	0
2.01582	0
2.01584	0.0008
2.01586	0.0008
2.01588	-0.0008
2.0159	0.0008
2.01592	0.0016
2.01594	0.0016
2.01596	0.0008
2.01598	0.0016
2.016	0.0024
2.01602	0.0024
2.01604	0.0016
2.01606	0.0032
2.01608	0.004
2.0161	0.0032
2.01612	0.0048
2.01614	0.004
2.01616	0.0032
2.01618	0.0056
2.0162	0.0048
2.01622	0.0048
2.01624	0.0032
2.01626	0.0048
2.01628	0.0048
2.0163	0.0056
2.01632	0.0056
2.01634	0.0048
2.01636	0.0056
2.01638	0.0048
2.0164	0.0072
2.01642	0.0056
2.01644	0.0048
2.01646	0.0064
2.01648	0.0064
2.0165	0.0056
2.01652	0.0064
2.01654	0.0056
2.01656	0.0064
2.01658	0.0056
2.0166	0.0048
2.01662	0.004
2.01664	0.0048
2.01666	0.0048
2.01668	0.0048
2.0167	0.0056
2.01672	0.0048
2.01674	0.0056
2.01676	0.0072
2.01678	0.0048
2.0168	0.0032
2.01682	0.0032
2.01684	0.004
2.01686	0.004
2.01688	0.004
2.0169	0.0048
2.01692	0.0032
2.01694	0.0032
2.01696	0.0024
2.01698	0.0024
2.017	0.0032
2.01702	0.0048
2.01704	0.004
2.01706	0.004
2.01708	0.004
2.0171	0.004
2.01712	0.0048
2.01714	0.0048
2.01716	0.0048
2.01718	0.004
2.0172	0.0048
2.01722	0.0056
2.01724	0.0048
2.01726	0.0064
2.01728	0.0064
2.0173	0.0056
2.01732	0.0072
2.01734	0.0064
2.01736	0.0072
2.01738	0.0072
2.0174	0.0056
2.01742	0.0056
2.01744	0.0072
2.01746	0.0064
2.01748	0.0064
2.0175	0.0056
2.01752	0.0056
2.01754	0.004
2.01756	0.004
2.01758	0.0016
2.0176	0.0016
2.01762	0.0024
2.01764	0.0016
2.01766	0.0016
2.01768	0.0024
2.0177	0.0016
2.01772	0.0024
2.01774	0
2.01776	0.0008
2.01778	-0.0016
2.0178	-0.0016
2.01782	-0.0016
2.01784	-0.0016
2.01786	-0.0024
2.01788	-0.0032
2.0179	-0.004
2.01792	-0.004
2.01794	-0.0056
2.01796	-0.0056
2.01798	-0.0072
2.018	-0.0072
2.01802	-0.0072
2.01804	-0.0088
2.01806	-0.0088
2.01808	-0.0112
2.0181	-0.0112
2.01812	-0.0112
2.01814	-0.012
2.01816	-0.012
2.01818	-0.0136
2.0182	-0.0152
2.01822	-0.0144
2.01824	-0.0144
2.01826	-0.0152
2.01828	-0.0152
2.0183	-0.0136
2.01832	-0.016
2.01834	-0.0144
2.01836	-0.016
2.01838	-0.0152
2.0184	-0.0136
2.01842	-0.016
2.01844	-0.0152
2.01846	-0.0152
2.01848	-0.0144
2.0185	-0.0152
2.01852	-0.0144
2.01854	-0.0152
2.01856	-0.016
2.01858	-0.0152
2.0186	-0.0144
2.01862	-0.0144
2.01864	-0.0144
2.01866	-0.0144
2.01868	-0.0128
2.0187	-0.0128
2.01872	-0.0136
2.01874	-0.0136
2.01876	-0.0136
2.01878	-0.0136
2.0188	-0.0136
2.01882	-0.0144
2.01884	-0.0128
2.01886	-0.0112
2.01888	-0.0128
2.0189	-0.0112
2.01892	-0.0104
2.01894	-0.0128
2.01896	-0.0112
2.01898	-0.0096
2.019	-0.0096
2.01902	-0.0104
2.01904	-0.0096
2.01906	-0.0088
2.01908	-0.008
2.0191	-0.0072
2.01912	-0.0088
2.01914	-0.008
2.01916	-0.0072
2.01918	-0.0088
2.0192	-0.0088
2.01922	-0.0072
2.01924	-0.0064
2.01926	-0.0088
2.01928	-0.008
2.0193	-0.008
2.01932	-0.0064
2.01934	-0.0072
2.01936	-0.0072
2.01938	-0.0088
2.0194	-0.008
2.01942	-0.0088
2.01944	-0.0088
2.01946	-0.0112
2.01948	-0.0096
2.0195	-0.0096
2.01952	-0.0104
2.01954	-0.0096
2.01956	-0.0088
2.01958	-0.0104
2.0196	-0.0112
2.01962	-0.0112
2.01964	-0.0128
2.01966	-0.0128
2.01968	-0.0112
2.0197	-0.0128
2.01972	-0.0128
2.01974	-0.0128
2.01976	-0.0128
2.01978	-0.0128
2.0198	-0.0128
2.01982	-0.0128
2.01984	-0.0136
2.01986	-0.0136
2.01988	-0.0128
2.0199	-0.0128
2.01992	-0.0128
2.01994	-0.012
2.01996	-0.0128
2.01998	-0.0128
2.02	-0.0128
2.02002	-0.012
2.02004	-0.012
2.02006	-0.012
2.02008	-0.0104
2.0201	-0.0104
2.02012	-0.0104
2.02014	-0.008
2.02016	-0.0096
2.02018	-0.0088
2.0202	-0.0096
2.02022	-0.0072
2.02024	-0.0072
2.02026	-0.0064
2.02028	-0.0064
2.0203	-0.0056
2.02032	-0.0048
2.02034	-0.0024
2.02036	-0.0024
2.02038	-0.0008
2.0204	0
2.02042	0.0008
2.02044	0
2.02046	0.0032
2.02048	0.0024
2.0205	0.0024
2.02052	0.0032
2.02054	0.0056
2.02056	0.0064
2.02058	0.0072
2.0206	0.0072
2.02062	0.0088
2.02064	0.0088
2.02066	0.0096
2.02068	0.0096
2.0207	0.0112
2.02072	0.0096
2.02074	0.0096
2.02076	0.0112
2.02078	0.012
2.0208	0.0112
2.02082	0.0112
2.02084	0.0104
2.02086	0.012
2.02088	0.0112
2.0209	0.0088
2.02092	0.0104
2.02094	0.0128
2.02096	0.0104
2.02098	0.0088
2.021	0.0088
2.02102	0.0088
2.02104	0.0096
2.02106	0.008
2.02108	0.008
2.0211	0.008
2.02112	0.008
2.02114	0.0088
2.02116	0.008
2.02118	0.0096
2.0212	0.008
2.02122	0.008
2.02124	0.0072
2.02126	0.0064
2.02128	0.0072
2.0213	0.0064
2.02132	0.0064
2.02134	0.0072
2.02136	0.0056
2.02138	0.004
2.0214	0.004
2.02142	0.0032
2.02144	0.0024
2.02146	0.0032
2.02148	0.004
2.0215	0.0016
2.02152	0.0016
2.02154	0.0008
2.02156	0.0008
2.02158	0
2.0216	0
2.02162	-0.0016
2.02164	0
2.02166	-0.0008
2.02168	-0.0032
2.0217	-0.0024
2.02172	-0.0024
2.02174	-0.004
2.02176	-0.0032
2.02178	-0.0032
2.0218	-0.0048
2.02182	-0.0056
2.02184	-0.0048
2.02186	-0.004
2.02188	-0.004
2.0219	-0.0048
2.02192	-0.0056
2.02194	-0.0072
2.02196	-0.0056
2.02198	-0.0056
2.022	-0.0064
2.02202	-0.0056
2.02204	-0.0072
2.02206	-0.0064
2.02208	-0.0072
2.0221	-0.0056
2.02212	-0.0056
2.02214	-0.0064
2.02216	-0.0072
2.02218	-0.0064
2.0222	-0.0064
2.02222	-0.0064
2.02224	-0.0056
2.02226	-0.0048
2.02228	-0.004
2.0223	-0.0048
2.02232	-0.0048
2.02234	-0.0016
2.02236	-0.0024
2.02238	-0.0024
2.0224	-0.0024
2.02242	-0.0032
2.02244	-0.0016
2.02246	-0.0024
2.02248	-0.0008
2.0225	-0.0008
2.02252	-0.0016
2.02254	-0.0008
2.02256	-0.0008
2.02258	-0.0008
2.0226	0.0008
2.02262	0.0016
2.02264	0
2.02266	-0.0008
2.02268	0
2.0227	0.0008
2.02272	0.0016
2.02274	0.0024
2.02276	0.0016
2.02278	0
2.0228	0.0016
2.02282	0.0032
2.02284	0.0032
2.02286	0.0032
2.02288	0.0048
2.0229	0.004
2.02292	0.004
2.02294	0.0072
2.02296	0.0072
2.02298	0.0056
2.023	0.008
2.02302	0.0056
2.02304	0.0072
2.02306	0.0064
2.02308	0.008
2.0231	0.0088
2.02312	0.0096
2.02314	0.0096
2.02316	0.0096
2.02318	0.0104
2.0232	0.0096
2.02322	0.0104
2.02324	0.012
2.02326	0.0112
2.02328	0.0096
2.0233	0.0128
2.02332	0.012
2.02334	0.0128
2.02336	0.0128
2.02338	0.012
2.0234	0.0112
2.02342	0.0128
2.02344	0.0128
2.02346	0.0136
2.02348	0.0144
2.0235	0.0136
2.02352	0.0128
2.02354	0.016
2.02356	0.0136
2.02358	0.016
2.0236	0.0136
2.02362	0.0152
2.02364	0.012
2.02366	0.0136
2.02368	0.0152
2.0237	0.0152
2.02372	0.0152
2.02374	0.0152
2.02376	0.0128
2.02378	0.0152
2.0238	0.0144
2.02382	0.0144
2.02384	0.0152
2.02386	0.0152
2.02388	0.0136
2.0239	0.0152
2.02392	0.0136
2.02394	0.0136
2.02396	0.0136
2.02398	0.0136
2.024	0.0136
2.02402	0.0144
2.02404	0.0136
2.02406	0.0144
2.02408	0.0136
2.0241	0.0128
2.02412	0.0136
2.02414	0.0136
2.02416	0.0136
2.02418	0.0136
2.0242	0.0144
2.02422	0.0128
2.02424	0.012
2.02426	0.0128
2.02428	0.012
2.0243	0.012
2.02432	0.0112
2.02434	0.0088
2.02436	0.0112
2.02438	0.0096
2.0244	0.0096
2.02442	0.0088
2.02444	0.0096
2.02446	0.0088
2.02448	0.0096
2.0245	0.008
2.02452	0.0072
2.02454	0.008
2.02456	0.0088
2.02458	0.0072
2.0246	0.0064
2.02462	0.008
2.02464	0.008
2.02466	0.0064
2.02468	0.0048
2.0247	0.0032
2.02472	0.0056
2.02474	0.004
2.02476	0.004
2.02478	0.0048
2.0248	0.004
2.02482	0.0016
2.02484	0.004
2.02486	0.0032
2.02488	0.004
2.0249	0.0016
2.02492	0.0016
2.02494	0.0024
2.02496	0.0024
2.02498	0.0024
