1.875	0.0056
1.8751	0.0056
1.8752	0.008
1.8753	0.0072
1.8754	0.0072
1.8755	0.0104
1.8756	0.0152
1.8757	0.016
1.8758	0.016
1.8759	0.0128
1.876	0.0104
1.8761	0.0048
1.8762	-0.0016
1.8763	-0.0072
1.8764	-0.012
1.8765	-0.0136
1.8766	-0.0136
1.8767	-0.0128
1.8768	-0.0128
1.8769	-0.0144
1.877	-0.016
1.8771	-0.016
1.8772	-0.0176
1.8773	-0.0208
1.8774	-0.0216
1.8775	-0.0208
1.8776	-0.0168
1.8777	-0.0112
1.8778	-0.0056
1.8779	0.0024
1.878	0.0072
1.8781	0.0112
1.8782	0.0144
1.8783	0.016
1.8784	0.0136
1.8785	0.0176
1.8786	0.0176
1.8787	0.02
1.8788	0.0208
1.8789	0.0208
1.879	0.0184
1.8791	0.0152
1.8792	0.0112
1.8793	0.0032
1.8794	-0.0032
1.8795	-0.0056
1.8796	-0.0128
1.8797	-0.0152
1.8798	-0.016
1.8799	-0.0152
1.88	-0.0096
1.8801	-0.0008
1.8802	0.0056
1.8803	0.0104
1.8804	0.0112
1.8805	0.0112
1.8806	0.0104
1.8807	0.0112
1.8808	0.0088
1.8809	0.0032
1.881	-0.0016
1.8811	-0.0016
1.8812	0.0008
1.8813	0.004
1.8814	0.0064
1.8815	0.0088
1.8816	0.0088
1.8817	0.0048
1.8818	0.0032
1.8819	-0.0016
1.882	-0.0056
1.8821	-0.0048
1.8822	-0.008
1.8823	-0.0104
1.8824	-0.008
1.8825	-0.0088
1.8826	-0.0064
1.8827	-0.0072
1.8828	-0.008
1.8829	-0.004
1.883	-0.0032
1.8831	0.0008
1.8832	0.0024
1.8833	0.0072
1.8834	0.0088
1.8835	0.0064
1.8836	0
1.8837	-0.004
1.8838	-0.0112
1.8839	-0.0152
1.884	-0.0168
1.8841	-0.0176
1.8842	-0.0168
1.8843	-0.0128
1.8844	-0.0088
1.8845	-0.0048
1.8846	0.0064
1.8847	0.0176
1.8848	0.0248
1.8849	0.0304
1.885	0.0312
1.8851	0.0296
1.8852	0.0232
1.8853	0.0192
1.8854	0.012
1.8855	0.0056
1.8856	0.0008
1.8857	-0.0008
1.8858	0
1.8859	0.0024
1.886	0.0008
1.8861	0
1.8862	-0.0032
1.8863	-0.0088
1.8864	-0.0168
1.8865	-0.02
1.8866	-0.0192
1.8867	-0.0168
1.8868	-0.012
1.8869	-0.0056
1.887	0.0016
1.8871	0.004
1.8872	0.0056
1.8873	0.0088
1.8874	0.0136
1.8875	0.0168
1.8876	0.0208
1.8877	0.0216
1.8878	0.0192
1.8879	0.0208
1.888	0.02
1.8881	0.0224
1.8882	0.0208
1.8883	0.0168
1.8884	0.0104
1.8885	0.0088
1.8886	0.0048
1.8887	0.0024
1.8888	-0.0008
1.8889	-0.004
1.889	-0.0064
1.8891	-0.0056
1.8892	-0.0024
1.8893	-0.0008
1.8894	-0.0008
1.8895	-0.0008
1.8896	-0.004
1.8897	-0.008
1.8898	-0.012
1.8899	-0.016
1.89	-0.0152
1.8901	-0.0136
1.8902	-0.0112
1.8903	-0.0112
1.8904	-0.0096
1.8905	-0.0104
1.8906	-0.0112
1.8907	-0.0112
1.8908	-0.0112
1.8909	-0.016
1.891	-0.0192
1.8911	-0.0216
1.8912	-0.02
1.8913	-0.02
1.8914	-0.0128
1.8915	-0.0072
1.8916	-0.0008
1.8917	0.0016
1.8918	0.008
1.8919	0.0088
1.892	0.0088
1.8921	0.0128
1.8922	0.0136
1.8923	0.0176
1.8924	0.0176
1.8925	0.0184
1.8926	0.016
1.8927	0.0128
1.8928	0.008
1.8929	0.0016
1.893	-0.0048
1.8931	-0.0104
1.8932	-0.0152
1.8933	-0.0184
1.8934	-0.0168
1.8935	-0.0168
1.8936	-0.0104
1.8937	-0.0032
1.8938	0.0048
1.8939	0.0112
1.894	0.0168
1.8941	0.0192
1.8942	0.0208
1.8943	0.0192
1.8944	0.0176
1.8945	0.0112
1.8946	0.0048
1.8947	-0.0016
1.8948	-0.0008
1.8949	0.0016
1.895	0.0056
1.8951	0.0056
1.8952	0.008
1.8953	0.008
1.8954	0.0048
1.8955	0.0016
1.8956	-0.0008
1.8957	-0.0016
1.8958	-0.0008
1.8959	-0.0008
1.896	-0.0008
1.8961	0.0016
1.8962	0.0024
1.8963	0.004
1.8964	0.0032
1.8965	0.004
1.8966	0.0056
1.8967	0.0072
1.8968	0.0096
1.8969	0.0152
1.897	0.0176
1.8971	0.0152
1.8972	0.012
1.8973	0.0072
1.8974	0.0008
1.8975	-0.0048
1.8976	-0.0096
1.8977	-0.0136
1.8978	-0.0176
1.8979	-0.02
1.898	-0.0216
1.8981	-0.0208
1.8982	-0.016
1.8983	-0.008
1.8984	0.0016
1.8985	0.0072
1.8986	0.0112
1.8987	0.0128
1.8988	0.0128
1.8989	0.0144
1.899	0.0136
1.8991	0.0136
1.8992	0.0112
1.8993	0.0112
1.8994	0.0128
1.8995	0.0152
1.8996	0.0184
1.8997	0.0168
1.8998	0.0152
1.8999	0.0088
1.9	-0.0008
1.9001	-0.0088
1.9002	-0.0136
1.9003	-0.016
1.9004	-0.0168
1.9005	-0.0136
1.9006	-0.012
1.9007	-0.0104
1.9008	-0.0072
1.9009	-0.0064
1.901	-0.0064
1.9011	-0.0008
1.9012	0.0024
1.9013	0.0032
1.9014	0.004
1.9015	0.0064
1.9016	0.0072
1.9017	0.008
1.9018	0.0072
1.9019	0.0032
1.902	-0.0016
1.9021	-0.0056
1.9022	-0.0088
1.9023	-0.008
1.9024	-0.0088
1.9025	-0.008
1.9026	-0.0088
1.9027	-0.0072
1.9028	-0.0032
1.9029	0.0016
1.903	0.0064
1.9031	0.0072
1.9032	0.0072
1.9033	0.004
1.9034	-0.0008
1.9035	-0.0024
1.9036	-0.0064
1.9037	-0.0088
1.9038	-0.0104
1.9039	-0.0088
1.904	-0.0088
1.9041	-0.008
1.9042	-0.0056
1.9043	-0.0064
1.9044	-0.0064
1.9045	-0.0088
1.9046	-0.0128
1.9047	-0.016
1.9048	-0.0176
1.9049	-0.0152
1.905	-0.0104
1.9051	-0.0048
1.9052	0
1.9053	0.0056
1.9054	0.012
1.9055	0.0144
1.9056	0.016
1.9057	0.0184
1.9058	0.0208
1.9059	0.0248
1.906	0.0264
1.9061	0.0232
1.9062	0.0216
1.9063	0.0216
1.9064	0.0184
1.9065	0.0152
1.9066	0.0096
1.9067	0.0032
1.9068	-0.0024
1.9069	-0.0048
1.907	-0.0112
1.9071	-0.012
1.9072	-0.012
1.9073	-0.0064
1.9074	0.0008
1.9075	0.0064
1.9076	0.0112
1.9077	0.0144
1.9078	0.0144
1.9079	0.0144
1.908	0.0136
1.9081	0.0096
1.9082	0.0048
1.9083	0.0008
1.9084	0.0016
1.9085	0.0032
1.9086	0.0088
1.9087	0.012
1.9088	0.0128
1.9089	0.0104
1.909	0.0096
1.9091	0.0048
1.9092	0.0024
1.9093	-0.0016
1.9094	-0.004
1.9095	-0.0064
1.9096	-0.0072
1.9097	-0.008
1.9098	-0.008
1.9099	-0.008
1.91	-0.0104
1.9101	-0.0104
1.9102	-0.0112
1.9103	-0.012
1.9104	-0.0104
1.9105	-0.0056
1.9106	-0.0032
1.9107	0
1.9108	0.0008
1.9109	-0.004
1.911	-0.0088
1.9111	-0.0128
1.9112	-0.0152
1.9113	-0.0144
1.9114	-0.016
1.9115	-0.0168
1.9116	-0.0192
1.9117	-0.0168
1.9118	-0.0128
1.9119	-0.0032
1.912	0.008
1.9121	0.016
1.9122	0.0232
1.9123	0.0288
1.9124	0.0312
1.9125	0.0312
1.9126	0.028
1.9127	0.0232
1.9128	0.0192
1.9129	0.012
1.913	0.0096
1.9131	0.0104
1.9132	0.0088
1.9133	0.0064
1.9134	0.0048
1.9135	0.0032
1.9136	-0.0056
1.9137	-0.0136
1.9138	-0.0176
1.9139	-0.0208
1.914	-0.02
1.9141	-0.0184
1.9142	-0.0152
1.9143	-0.0128
1.9144	-0.0088
1.9145	-0.0056
1.9146	-0.0032
1.9147	0
1.9148	0.004
1.9149	0.0072
1.915	0.008
1.9151	0.0104
1.9152	0.0104
1.9153	0.012
1.9154	0.0152
1.9155	0.0144
1.9156	0.0112
1.9157	0.0064
1.9158	0.0056
1.9159	0.0016
1.916	0.0024
1.9161	0.0016
1.9162	-0.0008
1.9163	-0.0016
1.9164	-0.0008
1.9165	0.0016
1.9166	0.0048
1.9167	0.008
1.9168	0.0064
1.9169	0.0032
1.917	0.0008
1.9171	-0.0048
1.9172	-0.0088
1.9173	-0.0096
1.9174	-0.0088
1.9175	-0.0088
1.9176	-0.004
1.9177	-0.0032
1.9178	-0.0032
1.9179	-0.0008
1.918	0
1.9181	-0.0016
1.9182	-0.008
1.9183	-0.0136
1.9184	-0.0184
1.9185	-0.0216
1.9186	-0.02
1.9187	-0.0168
1.9188	-0.0128
1.9189	-0.008
1.919	-0.0016
1.9191	0.0008
1.9192	0.0048
1.9193	0.0104
1.9194	0.0144
1.9195	0.0192
1.9196	0.0232
1.9197	0.0232
1.9198	0.0224
1.9199	0.0192
1.92	0.0184
1.9201	0.0144
1.9202	0.0064
1.9203	0.0016
1.9204	-0.0056
1.9205	-0.0096
1.9206	-0.0128
1.9207	-0.0136
1.9208	-0.0128
1.9209	-0.0088
1.921	-0.004
1.9211	0.0048
1.9212	0.0104
1.9213	0.0168
1.9214	0.02
1.9215	0.0216
1.9216	0.0224
1.9217	0.02
1.9218	0.0112
1.9219	0.0048
1.922	0.0008
1.9221	0.0016
1.9222	0.0008
1.9223	0.0016
1.9224	0.0032
1.9225	0
1.9226	-0.0008
1.9227	-0.0048
1.9228	-0.0072
1.9229	-0.0096
1.923	-0.0104
1.9231	-0.0096
1.9232	-0.0088
1.9233	-0.0056
1.9234	-0.0024
1.9235	0.0016
1.9236	0.0016
1.9237	0.0032
1.9238	0.0016
1.9239	0.004
1.924	0.0064
1.9241	0.008
1.9242	0.012
1.9243	0.0152
1.9244	0.016
1.9245	0.0152
1.9246	0.0128
1.9247	0.0088
1.9248	0.0056
1.9249	0.0008
1.925	-0.0024
1.9251	-0.0088
1.9252	-0.0144
1.9253	-0.0192
1.9254	-0.0208
1.9255	-0.0152
1.9256	-0.0096
1.9257	-0.0008
1.9258	0.0048
1.9259	0.0104
1.926	0.0128
1.9261	0.0144
1.9262	0.0152
1.9263	0.012
1.9264	0.012
1.9265	0.0072
1.9266	0.0064
1.9267	0.0064
1.9268	0.0088
1.9269	0.008
1.927	0.0064
1.9271	0.0064
1.9272	-0.0008
1.9273	-0.0088
1.9274	-0.0144
1.9275	-0.0192
1.9276	-0.0248
1.9277	-0.0248
1.9278	-0.0232
1.9279	-0.0192
1.928	-0.0192
1.9281	-0.016
1.9282	-0.0128
1.9283	-0.008
1.9284	-0.0016
1.9285	0.0016
1.9286	0.0048
1.9287	0.0096
1.9288	0.0112
1.9289	0.0144
1.929	0.016
1.9291	0.0152
1.9292	0.0104
1.9293	0.0048
1.9294	0.0032
1.9295	-0.0016
1.9296	-0.0016
1.9297	-0.0016
1.9298	-0.0032
1.9299	-0.0048
1.93	-0.0048
1.9301	-0.0016
1.9302	0.004
1.9303	0.0096
1.9304	0.012
1.9305	0.0112
1.9306	0.008
1.9307	0.0016
1.9308	-0.0016
1.9309	-0.0048
1.931	-0.0064
1.9311	-0.008
1.9312	-0.0064
1.9313	-0.0048
1.9314	-0.0024
1.9315	-0.0008
1.9316	0.0016
1.9317	0.0016
1.9318	-0.0016
1.9319	-0.0056
1.932	-0.012
1.9321	-0.016
1.9322	-0.0152
1.9323	-0.0128
1.9324	-0.0096
1.9325	-0.0056
1.9326	-0.0008
1.9327	0.004
1.9328	0.008
1.9329	0.0152
1.933	0.02
1.9331	0.024
1.9332	0.0288
1.9333	0.0296
1.9334	0.0296
1.9335	0.028
1.9336	0.028
1.9337	0.024
1.9338	0.0192
1.9339	0.0128
1.934	0.0056
1.9341	-0.0008
1.9342	-0.0048
1.9343	-0.0088
1.9344	-0.0128
1.9345	-0.0152
1.9346	-0.0128
1.9347	-0.008
1.9348	-0.0024
1.9349	0.0024
1.935	0.0032
1.9351	0.004
1.9352	0.0064
1.9353	0.0048
1.9354	0.0024
1.9355	-0.0008
1.9356	-0.004
1.9357	-0.0008
1.9358	0.0032
1.9359	0.0056
1.936	0.008
1.9361	0.0096
1.9362	0.0088
1.9363	0.0088
1.9364	0.008
1.9365	0.004
1.9366	0.0016
1.9367	-0.0024
1.9368	-0.0016
1.9369	-0.0032
1.937	-0.0016
1.9371	-0.0032
1.9372	-0.004
1.9373	-0.004
1.9374	-0.0056
1.9375	-0.0088
1.9376	-0.008
1.9377	-0.0064
1.9378	-0.0024
1.9379	0.0008
1.938	0.004
1.9381	0.0016
1.9382	0
1.9383	-0.0032
1.9384	-0.0056
1.9385	-0.0096
1.9386	-0.0144
1.9387	-0.0192
1.9388	-0.024
1.9389	-0.028
1.939	-0.028
1.9391	-0.0256
1.9392	-0.0216
1.9393	-0.0128
1.9394	-0.0056
1.9395	0.0024
1.9396	0.0096
1.9397	0.0152
1.9398	0.0184
1.9399	0.0208
1.94	0.0192
1.9401	0.016
1.9402	0.0104
1.9403	0.0096
1.9404	0.0096
1.9405	0.0088
1.9406	0.0104
1.9407	0.0096
1.9408	0.004
1.9409	-0.0008
1.941	-0.008
1.9411	-0.0112
1.9412	-0.0128
1.9413	-0.0152
1.9414	-0.0128
1.9415	-0.0144
1.9416	-0.0088
1.9417	-0.0056
1.9418	-0.0016
1.9419	0
1.942	0.0048
1.9421	0.008
1.9422	0.0112
1.9423	0.0128
1.9424	0.0168
1.9425	0.0184
1.9426	0.0192
1.9427	0.0208
1.9428	0.0168
1.9429	0.0144
1.943	0.0104
1.9431	0.0056
1.9432	0.004
1.9433	0.004
1.9434	0.0016
1.9435	0
1.9436	-0.0016
1.9437	-0.0008
1.9438	0.0048
1.9439	0.0104
1.944	0.0112
1.9441	0.0128
1.9442	0.0088
1.9443	0.004
1.9444	0.0008
1.9445	-0.0048
1.9446	-0.004
1.9447	-0.0072
1.9448	-0.0064
1.9449	-0.0032
1.945	0
1.9451	0.0024
1.9452	0.0072
1.9453	0.0104
1.9454	0.0072
1.9455	0.0024
1.9456	-0.0048
1.9457	-0.012
1.9458	-0.016
1.9459	-0.0184
1.946	-0.0176
1.9461	-0.0168
1.9462	-0.0144
1.9463	-0.0104
1.9464	-0.0064
1.9465	-0.0016
1.9466	0.0024
1.9467	0.0072
1.9468	0.0144
1.9469	0.0176
1.947	0.0152
1.9471	0.016
1.9472	0.0152
1.9473	0.012
1.9474	0.0072
1.9475	0.0016
1.9476	-0.004
1.9477	-0.0088
1.9478	-0.012
1.9479	-0.0128
1.948	-0.016
1.9481	-0.0152
1.9482	-0.0136
1.9483	-0.0088
1.9484	-0.0024
1.9485	0.0064
1.9486	0.0112
1.9487	0.0168
1.9488	0.02
1.9489	0.0208
1.949	0.0192
1.9491	0.0176
1.9492	0.0112
1.9493	0.0064
1.9494	0.008
1.9495	0.0072
1.9496	0.0056
1.9497	0.0048
1.9498	0.0048
1.9499	0.0032
1.95	0.0008
1.9501	0
1.9502	-0.004
1.9503	-0.0064
1.9504	-0.0064
1.9505	-0.0048
1.9506	-0.0024
1.9507	-0.0008
1.9508	-0.0016
1.9509	-0.0016
1.951	-0.0032
1.9511	-0.0056
1.9512	-0.0064
1.9513	-0.0056
1.9514	-0.004
1.9515	0
1.9516	0.0024
1.9517	0.0024
1.9518	0.0032
1.9519	0.0016
1.952	0.0016
1.9521	-0.0024
1.9522	-0.0056
1.9523	-0.0056
1.9524	-0.0128
1.9525	-0.0192
1.9526	-0.0232
1.9527	-0.0216
1.9528	-0.0216
1.9529	-0.016
1.953	-0.0072
1.9531	0
1.9532	0.0072
1.9533	0.0136
1.9534	0.0168
1.9535	0.0192
1.9536	0.0192
1.9537	0.0176
1.9538	0.016
1.9539	0.016
1.954	0.0144
1.9541	0.0152
1.9542	0.016
1.9543	0.0152
1.9544	0.012
1.9545	0.0072
1.9546	0.0016
1.9547	-0.0056
1.9548	-0.0128
1.9549	-0.0168
1.955	-0.0208
1.9551	-0.0216
1.9552	-0.0208
1.9553	-0.0176
1.9554	-0.0152
1.9555	-0.0128
1.9556	-0.0088
1.9557	-0.0048
1.9558	0.0016
1.9559	0.0072
1.956	0.0104
1.9561	0.0136
1.9562	0.0176
1.9563	0.02
1.9564	0.0184
1.9565	0.016
1.9566	0.0104
1.9567	0.0056
1.9568	0.0016
1.9569	0
1.957	-0.0008
1.9571	-0.0024
1.9572	-0.0056
1.9573	-0.0024
1.9574	0
1.9575	0.0064
1.9576	0.0104
1.9577	0.0144
1.9578	0.0136
1.9579	0.0112
1.958	0.0088
1.9581	0.0072
1.9582	0.0016
1.9583	-0.0032
1.9584	-0.0048
1.9585	-0.004
1.9586	-0.004
1.9587	0
1.9588	0.0024
1.9589	0.0048
1.959	0.0032
1.9591	0
1.9592	-0.0088
1.9593	-0.0176
1.9594	-0.0216
1.9595	-0.0232
1.9596	-0.0256
1.9597	-0.0248
1.9598	-0.0192
1.9599	-0.0168
1.96	-0.012
1.9601	-0.0024
1.9602	0.0048
1.9603	0.0128
1.9604	0.02
1.9605	0.0248
1.9606	0.0272
1.9607	0.0304
1.9608	0.0312
1.9609	0.0304
1.961	0.028
1.9611	0.024
1.9612	0.0184
1.9613	0.012
1.9614	0.0088
1.9615	0.0056
1.9616	0.0008
1.9617	-0.0048
1.9618	-0.0088
1.9619	-0.0088
1.962	-0.0072
1.9621	0
1.9622	0.0024
1.9623	0.008
1.9624	0.0096
1.9625	0.0088
1.9626	0.0088
1.9627	0.0072
1.9628	0.004
1.9629	0.0016
1.963	0.0024
1.9631	0.0016
1.9632	0.0016
1.9633	0.0024
1.9634	0.004
1.9635	0.0024
1.9636	0
1.9637	-0.0032
1.9638	-0.0064
1.9639	-0.0104
1.964	-0.0128
1.9641	-0.012
1.9642	-0.012
1.9643	-0.012
1.9644	-0.0096
1.9645	-0.0112
1.9646	-0.0128
1.9647	-0.0128
1.9648	-0.0152
1.9649	-0.0128
1.965	-0.0128
1.9651	-0.0072
1.9652	-0.0024
1.9653	0.0008
1.9654	0.0024
1.9655	0.0024
1.9656	0.0056
1.9657	0.0016
1.9658	-0.0008
1.9659	-0.0048
1.966	-0.0112
1.9661	-0.0144
1.9662	-0.0192
1.9663	-0.0224
1.9664	-0.0232
1.9665	-0.0216
1.9666	-0.0144
1.9667	-0.0072
1.9668	0.0016
1.9669	0.0104
1.967	0.0144
1.9671	0.0192
1.9672	0.0224
1.9673	0.0216
1.9674	0.0192
1.9675	0.0184
1.9676	0.0152
1.9677	0.0128
1.9678	0.0128
1.9679	0.0112
1.968	0.0096
1.9681	0.008
1.9682	0.0032
1.9683	-0.0008
1.9684	-0.004
1.9685	-0.008
1.9686	-0.0128
1.9687	-0.0128
1.9688	-0.0128
1.9689	-0.0088
1.969	-0.0056
1.9691	-0.0016
1.9692	0.0016
1.9693	0.0048
1.9694	0.0088
1.9695	0.0152
1.9696	0.0176
1.9697	0.0192
1.9698	0.0232
1.9699	0.0248
1.97	0.024
1.9701	0.0232
1.9702	0.0192
1.9703	0.0144
1.9704	0.0104
1.9705	0.0064
1.9706	0.0048
1.9707	0.0024
1.9708	0
1.9709	-0.0016
1.971	-0.0008
1.9711	0.0032
1.9712	0.0056
1.9713	0.0088
1.9714	0.0088
1.9715	0.004
1.9716	-0.0008
1.9717	-0.0048
1.9718	-0.008
1.9719	-0.0152
1.972	-0.0168
1.9721	-0.0144
1.9722	-0.0112
1.9723	-0.0048
1.9724	-0.0008
1.9725	0.0056
1.9726	0.0088
1.9727	0.008
1.9728	0.0048
1.9729	-0.0024
1.973	-0.0104
1.9731	-0.0144
1.9732	-0.0176
1.9733	-0.02
1.9734	-0.0192
1.9735	-0.0192
1.9736	-0.0152
1.9737	-0.0088
1.9738	-0.0064
1.9739	0
1.974	0.0064
1.9741	0.0136
1.9742	0.0168
1.9743	0.0216
1.9744	0.0232
1.9745	0.024
1.9746	0.02
1.9747	0.0168
1.9748	0.0112
1.9749	0.0048
1.975	0
1.9751	-0.0032
1.9752	-0.0088
1.9753	-0.012
1.9754	-0.0168
1.9755	-0.0208
1.9756	-0.0176
1.9757	-0.0128
1.9758	-0.008
1.9759	-0.004
1.976	0.0032
1.9761	0.0048
1.9762	0.0072
1.9763	0.0088
1.9764	0.0064
1.9765	0.0032
1.9766	0.0008
1.9767	0.0008
1.9768	-0.0008
1.9769	0.0008
1.977	0
1.9771	0
1.9772	0
1.9773	-0.0016
1.9774	-0.0032
1.9775	-0.0056
1.9776	-0.0064
1.9777	-0.0048
1.9778	-0.0008
1.9779	0
1.978	0.0024
1.9781	0.0032
1.9782	0.0048
1.9783	0.004
1.9784	0.0016
1.9785	0.0008
1.9786	0
1.9787	0.0024
1.9788	0.0048
1.9789	0.0064
1.979	0.0056
1.9791	0.0096
1.9792	0.008
1.9793	0.0088
1.9794	0.0064
1.9795	0.0032
1.9796	-0.0016
1.9797	-0.0064
1.9798	-0.012
1.9799	-0.0168
1.98	-0.0192
1.9801	-0.02
1.9802	-0.0176
1.9803	-0.0104
1.9804	-0.0024
1.9805	0.0032
1.9806	0.0088
1.9807	0.016
1.9808	0.0192
1.9809	0.0224
1.981	0.0208
1.9811	0.0224
1.9812	0.0208
1.9813	0.0208
1.9814	0.02
1.9815	0.0176
1.9816	0.0168
1.9817	0.0176
1.9818	0.0136
1.9819	0.0104
1.982	0.0048
1.9821	-0.0024
1.9822	-0.0096
1.9823	-0.0136
1.9824	-0.0144
1.9825	-0.0168
1.9826	-0.0168
1.9827	-0.0128
1.9828	-0.0128
1.9829	-0.0112
1.983	-0.0056
1.9831	0.0008
1.9832	0.0032
1.9833	0.0072
1.9834	0.0128
1.9835	0.0144
1.9836	0.0144
1.9837	0.0136
1.9838	0.0104
1.9839	0.0032
1.984	-0.0024
1.9841	-0.0056
1.9842	-0.0096
1.9843	-0.0112
1.9844	-0.012
1.9845	-0.0104
1.9846	-0.0088
1.9847	-0.0056
1.9848	-0.0008
1.9849	0.004
1.985	0.0096
1.9851	0.0096
1.9852	0.0112
1.9853	0.008
1.9854	0.0056
1.9855	0.0016
1.9856	0
1.9857	-0.0032
1.9858	-0.0016
1.9859	0.0008
1.986	0.0024
1.9861	0.0064
1.9862	0.0096
1.9863	0.0096
1.9864	0.0072
1.9865	-0.0016
1.9866	-0.0072
1.9867	-0.0144
1.9868	-0.0192
1.9869	-0.02
1.987	-0.0216
1.9871	-0.0216
1.9872	-0.0184
1.9873	-0.0128
1.9874	-0.0072
1.9875	-0.0016
1.9876	0.0032
1.9877	0.0104
1.9878	0.0168
1.9879	0.0216
1.988	0.024
1.9881	0.0232
1.9882	0.0192
1.9883	0.0192
1.9884	0.0144
1.9885	0.0104
1.9886	0.0056
1.9887	0.0008
1.9888	-0.0024
1.9889	-0.0072
1.989	-0.0104
1.9891	-0.016
1.9892	-0.0152
1.9893	-0.0144
1.9894	-0.0088
1.9895	-0.004
1.9896	0.0016
1.9897	0.0032
1.9898	0.008
1.9899	0.0072
1.99	0.0104
1.9901	0.0064
1.9902	0.0056
1.9903	0.0072
1.9904	0.0064
1.9905	0.0072
1.9906	0.008
1.9907	0.0096
1.9908	0.0088
1.9909	0.0064
1.991	0.004
1.9911	0.0016
1.9912	0
1.9913	-0.0016
1.9914	-0.0032
1.9915	-0.0048
1.9916	-0.0064
1.9917	-0.0056
1.9918	-0.0048
1.9919	-0.0072
1.992	-0.012
1.9921	-0.0128
1.9922	-0.0136
1.9923	-0.0128
1.9924	-0.0104
1.9925	-0.0064
1.9926	-0.0008
1.9927	0.0032
1.9928	0.0072
1.9929	0.0088
1.993	0.008
1.9931	0.0056
1.9932	0.0032
1.9933	-0.0016
1.9934	-0.004
1.9935	-0.0112
1.9936	-0.0168
1.9937	-0.0176
1.9938	-0.0192
1.9939	-0.0176
1.994	-0.0088
1.9941	-0.0024
1.9942	0.0032
1.9943	0.0104
1.9944	0.0184
1.9945	0.0224
1.9946	0.024
1.9947	0.024
1.9948	0.0224
1.9949	0.0232
1.995	0.0192
1.9951	0.0184
1.9952	0.016
1.9953	0.0136
1.9954	0.0112
1.9955	0.0088
1.9956	0.0032
1.9957	-0.0048
1.9958	-0.0104
1.9959	-0.016
1.996	-0.0176
1.9961	-0.02
1.9962	-0.02
1.9963	-0.0168
1.9964	-0.0136
1.9965	-0.012
1.9966	-0.0056
1.9967	0.0016
1.9968	0.0072
1.9969	0.0112
1.997	0.016
1.9971	0.0176
1.9972	0.0216
1.9973	0.0224
1.9974	0.0192
1.9975	0.0176
1.9976	0.0128
1.9977	0.0112
1.9978	0.0072
1.9979	0.0048
1.998	0.0032
1.9981	0.0016
1.9982	0.0016
1.9983	0.0032
1.9984	0.0048
1.9985	0.008
1.9986	0.0112
1.9987	0.0136
1.9988	0.0104
1.9989	0.0072
1.999	0.0032
1.9991	-0.0032
1.9992	-0.0064
1.9993	-0.0096
1.9994	-0.0088
1.9995	-0.008
1.9996	-0.0024
1.9997	0.0016
1.9998	0.0056
1.9999	0.0088
2	0.0088
2.0001	0.0048
2.0002	-0.0024
2.0003	-0.0096
2.0004	-0.0176
2.0005	-0.0256
2.0006	-0.028
2.0007	-0.0328
2.0008	-0.032
2.0009	-0.0304
2.001	-0.028
2.0011	-0.024
2.0012	-0.0184
2.0013	-0.0112
2.0014	-0.004
2.0015	0.0064
2.0016	0.0136
2.0017	0.0176
2.0018	0.0176
2.0019	0.0192
2.002	0.0168
2.0021	0.0152
2.0022	0.0112
2.0023	0.0064
2.0024	0.0032
2.0025	-0.0008
2.0026	-0.0048
2.0027	-0.0096
2.0028	-0.0136
2.0029	-0.012
2.003	-0.012
2.0031	-0.0056
2.0032	0
2.0033	0.0016
2.0034	0.0056
2.0035	0.012
2.0036	0.0144
2.0037	0.0096
2.0038	0.0072
2.0039	0.0056
2.004	0.0032
2.0041	0.004
2.0042	0.0032
2.0043	0.0048
2.0044	0.0032
2.0045	0.0016
2.0046	-0.0008
2.0047	-0.0016
2.0048	-0.0048
2.0049	-0.0032
2.005	-0.0008
2.0051	0
2.0052	0.0008
2.0053	0.0056
2.0054	0.0072
2.0055	0.008
2.0056	0.0056
2.0057	0.0048
2.0058	0.0016
2.0059	0
2.006	0.0024
2.0061	0.0056
2.0062	0.0072
2.0063	0.0072
2.0064	0.012
2.0065	0.0128
2.0066	0.0128
2.0067	0.0112
2.0068	0.0112
2.0069	0.0096
2.007	0.0032
2.0071	-0.0024
2.0072	-0.0104
2.0073	-0.0144
2.0074	-0.016
2.0075	-0.016
2.0076	-0.0128
2.0077	-0.0056
2.0078	-0.0024
2.0079	0.0008
2.008	0.0072
2.0081	0.0096
2.0082	0.012
2.0083	0.0112
2.0084	0.0136
2.0085	0.012
2.0086	0.012
2.0087	0.0112
2.0088	0.0128
2.0089	0.0144
2.009	0.0144
2.0091	0.0112
2.0092	0.0072
2.0093	0.004
2.0094	-0.0024
2.0095	-0.0088
2.0096	-0.0128
2.0097	-0.0168
2.0098	-0.0168
2.0099	-0.0176
2.01	-0.0152
2.0101	-0.0136
2.0102	-0.0088
2.0103	-0.0048
2.0104	-0.0008
2.0105	0.0032
2.0106	0.008
2.0107	0.0136
2.0108	0.0168
2.0109	0.0168
2.011	0.0192
2.0111	0.016
2.0112	0.0104
2.0113	0.0056
2.0114	0
2.0115	-0.0032
2.0116	-0.004
2.0117	-0.0056
2.0118	-0.0072
2.0119	-0.0048
2.012	-0.0064
2.0121	-0.0024
2.0122	0.0016
2.0123	0.0056
2.0124	0.0056
2.0125	0.0032
2.0126	0.0016
2.0127	-0.0024
2.0128	-0.0064
2.0129	-0.0088
2.013	-0.0112
2.0131	-0.012
2.0132	-0.0112
2.0133	-0.0072
2.0134	-0.004
2.0135	0.0016
2.0136	0.0016
2.0137	0.0008
2.0138	-0.0032
2.0139	-0.0096
2.014	-0.016
2.0141	-0.02
2.0142	-0.0232
2.0143	-0.0248
2.0144	-0.0224
2.0145	-0.0192
2.0146	-0.0176
2.0147	-0.0136
2.0148	-0.0088
2.0149	-0.0016
2.015	0.0072
2.0151	0.0176
2.0152	0.024
2.0153	0.028
2.0154	0.0296
2.0155	0.0304
2.0156	0.0296
2.0157	0.0248
2.0158	0.0208
2.0159	0.016
2.016	0.0104
2.0161	0.0072
2.0162	0.0016
2.0163	-0.0056
2.0164	-0.0096
2.0165	-0.0128
2.0166	-0.0128
2.0167	-0.0104
2.0168	-0.0048
2.0169	-0.0032
2.017	0.0008
2.0171	0.0048
2.0172	0.0096
2.0173	0.0112
2.0174	0.0104
2.0175	0.008
2.0176	0.0088
2.0177	0.012
2.0178	0.0136
2.0179	0.0136
2.018	0.0112
2.0181	0.0128
2.0182	0.0112
2.0183	0.008
2.0184	0.0072
2.0185	0.004
2.0186	0.0032
2.0187	0.0032
2.0188	0.0008
2.0189	0.0024
2.019	0.0016
2.0191	0
2.0192	-0.0024
2.0193	-0.0048
2.0194	-0.0096
2.0195	-0.0104
2.0196	-0.012
2.0197	-0.0096
2.0198	-0.0048
2.0199	-0.0024
2.02	0.0032
2.0201	0.0032
2.0202	0.0032
2.0203	0.0032
2.0204	0.004
2.0205	0.0008
2.0206	-0.0024
2.0207	-0.0088
2.0208	-0.016
2.0209	-0.0216
2.021	-0.0256
2.0211	-0.0264
2.0212	-0.0248
2.0213	-0.02
2.0214	-0.0136
2.0215	-0.0088
2.0216	0
2.0217	0.0048
2.0218	0.012
2.0219	0.0176
2.022	0.02
2.0221	0.02
2.0222	0.02
2.0223	0.0232
2.0224	0.02
2.0225	0.0216
2.0226	0.0184
2.0227	0.0144
2.0228	0.0128
2.0229	0.0072
2.023	0
2.0231	-0.004
2.0232	-0.0096
2.0233	-0.012
2.0234	-0.0136
2.0235	-0.0152
2.0236	-0.0128
2.0237	-0.0096
2.0238	-0.0072
2.0239	-0.0024
2.024	0.0032
2.0241	0.0064
2.0242	0.0112
2.0243	0.0152
2.0244	0.02
2.0245	0.0192
2.0246	0.0184
2.0247	0.016
2.0248	0.0128
2.0249	0.0056
2.025	0.0016
2.0251	-0.0016
2.0252	-0.0056
2.0253	-0.0056
2.0254	-0.0088
2.0255	-0.0088
2.0256	-0.0104
2.0257	-0.0072
2.0258	-0.0032
2.0259	0.0016
2.026	0.004
2.0261	0.0048
2.0262	0.0016
2.0263	-0.0008
2.0264	-0.0048
2.0265	-0.0056
2.0266	-0.0056
2.0267	-0.0072
2.0268	-0.0056
2.0269	-0.0024
2.027	0.0016
2.0271	0.0104
2.0272	0.012
2.0273	0.016
2.0274	0.012
2.0275	0.0072
2.0276	0
2.0277	-0.0088
2.0278	-0.0152
2.0279	-0.02
2.028	-0.0232
2.0281	-0.024
2.0282	-0.0264
2.0283	-0.0272
2.0284	-0.0256
2.0285	-0.0216
2.0286	-0.0144
2.0287	-0.0048
2.0288	0.0016
2.0289	0.008
2.029	0.0152
2.0291	0.0208
2.0292	0.0216
2.0293	0.0192
2.0294	0.0192
2.0295	0.0152
2.0296	0.0128
2.0297	0.0104
2.0298	0.0072
2.0299	0.0024
2.03	-0.0032
2.0301	-0.0072
2.0302	-0.012
2.0303	-0.008
2.0304	-0.0064
2.0305	-0.0032
2.0306	0.0032
2.0307	0.0072
2.0308	0.0112
2.0309	0.0144
2.031	0.0152
2.0311	0.0136
2.0312	0.0128
2.0313	0.0104
2.0314	0.012
2.0315	0.0104
2.0316	0.0104
2.0317	0.008
2.0318	0.0064
2.0319	0.004
2.032	0.0024
2.0321	0
2.0322	-0.0032
2.0323	-0.0008
2.0324	-0.0024
2.0325	0
2.0326	0
2.0327	0
2.0328	0
2.0329	-0.0032
2.033	-0.0024
2.0331	-0.0072
2.0332	-0.008
2.0333	-0.0048
2.0334	-0.0032
2.0335	0.0016
2.0336	0.0024
2.0337	0.004
2.0338	0.0056
2.0339	0.0064
2.034	0.0088
2.0341	0.0096
2.0342	0.0096
2.0343	0.0056
2.0344	0
2.0345	-0.0048
2.0346	-0.0088
2.0347	-0.0128
2.0348	-0.0128
2.0349	-0.0128
2.035	-0.008
2.0351	-0.0056
2.0352	-0.0024
2.0353	0.0024
2.0354	0.0064
2.0355	0.0112
2.0356	0.0152
2.0357	0.016
2.0358	0.016
2.0359	0.016
2.036	0.02
2.0361	0.02
2.0362	0.0208
2.0363	0.0192
2.0364	0.016
2.0365	0.0128
2.0366	0.0072
2.0367	0.0008
2.0368	-0.0056
2.0369	-0.012
2.037	-0.0176
2.0371	-0.02
2.0372	-0.0216
2.0373	-0.0224
2.0374	-0.0216
2.0375	-0.0208
2.0376	-0.0184
2.0377	-0.0144
2.0378	-0.0104
2.0379	-0.0056
2.038	0
2.0381	0.004
2.0382	0.0088
2.0383	0.0088
2.0384	0.008
2.0385	0.0032
2.0386	0
2.0387	-0.0008
2.0388	-0.0024
2.0389	-0.0032
2.039	-0.0048
2.0391	-0.004
2.0392	-0.0056
2.0393	-0.0056
2.0394	-0.0008
2.0395	0.004
2.0396	0.008
2.0397	0.008
2.0398	0.0096
2.0399	0.0064
2.04	0.0056
2.0401	0.0032
2.0402	0
2.0403	-0.0016
2.0404	-0.0032
2.0405	-0.0048
2.0406	-0.0016
2.0407	0
2.0408	0.0048
2.0409	0.0072
2.041	0.0072
2.0411	0.0016
2.0412	-0.0056
2.0413	-0.012
2.0414	-0.0168
2.0415	-0.02
2.0416	-0.02
2.0417	-0.02
2.0418	-0.0192
2.0419	-0.0216
2.042	-0.0168
2.0421	-0.0104
2.0422	-0.004
2.0423	0.0048
2.0424	0.0144
2.0425	0.0216
2.0426	0.0288
2.0427	0.0312
2.0428	0.0352
2.0429	0.0336
2.043	0.032
2.0431	0.0272
2.0432	0.0232
2.0433	0.0184
2.0434	0.0144
2.0435	0.0104
2.0436	0.004
2.0437	-0.0016
2.0438	-0.008
2.0439	-0.0096
2.044	-0.0056
2.0441	-0.0048
2.0442	-0.0008
2.0443	0.0048
2.0444	0.0072
2.0445	0.008
2.0446	0.0088
2.0447	0.0072
2.0448	0.0048
2.0449	0.0048
2.045	0.0048
2.0451	0.004
2.0452	0.0056
2.0453	0.004
2.0454	0.0056
2.0455	0.0064
2.0456	0.0056
2.0457	0.0032
2.0458	0
2.0459	-0.0024
2.046	-0.0008
2.0461	-0.0024
2.0462	-0.0008
2.0463	-0.0008
2.0464	0
2.0465	-0.004
2.0466	-0.004
2.0467	-0.0096
2.0468	-0.012
2.0469	-0.0112
2.047	-0.0088
2.0471	-0.0048
2.0472	-0.0032
2.0473	-0.0024
2.0474	0.0016
2.0475	0.0032
2.0476	0.0056
2.0477	0.0072
2.0478	0.0072
2.0479	0.0048
2.048	0.0008
2.0481	-0.0032
2.0482	-0.0096
2.0483	-0.0136
2.0484	-0.0176
2.0485	-0.0168
2.0486	-0.016
2.0487	-0.0136
2.0488	-0.0104
2.0489	-0.008
2.049	-0.0008
2.0491	0.0032
2.0492	0.008
2.0493	0.0096
2.0494	0.0088
2.0495	0.0112
2.0496	0.012
2.0497	0.0144
2.0498	0.0128
2.0499	0.012
2.05	0.0072
2.0501	0.0032
2.0502	-0.0016
2.0503	-0.0072
2.0504	-0.0104
2.0505	-0.0144
2.0506	-0.02
2.0507	-0.0208
2.0508	-0.0184
2.0509	-0.0176
2.051	-0.016
2.0511	-0.0088
2.0512	-0.0048
2.0513	-0.0008
2.0514	0.0048
2.0515	0.0112
2.0516	0.016
2.0517	0.0192
2.0518	0.024
2.0519	0.0232
2.052	0.0224
2.0521	0.0176
2.0522	0.012
2.0523	0.008
2.0524	0.0072
2.0525	0.0024
2.0526	0.0008
2.0527	-0.0008
2.0528	-0.004
2.0529	-0.0056
2.053	-0.0024
2.0531	0.0008
2.0532	0.0032
2.0533	0.0056
2.0534	0.0048
2.0535	0.004
2.0536	0.0024
2.0537	-0.0008
2.0538	-0.0032
2.0539	-0.004
2.054	-0.0032
2.0541	-0.0032
2.0542	-0.0008
2.0543	0.0048
2.0544	0.012
2.0545	0.0168
2.0546	0.0192
2.0547	0.0192
2.0548	0.0136
2.0549	0.0064
2.055	0.0016
2.0551	-0.0056
2.0552	-0.0096
2.0553	-0.0144
2.0554	-0.0168
2.0555	-0.0224
2.0556	-0.0232
2.0557	-0.024
2.0558	-0.02
2.0559	-0.0136
2.056	-0.008
2.0561	-0.0008
2.0562	0.0072
2.0563	0.016
2.0564	0.0216
2.0565	0.0264
2.0566	0.0256
2.0567	0.0216
2.0568	0.0184
2.0569	0.0128
2.057	0.0088
2.0571	0.0064
2.0572	0.0024
2.0573	-0.004
2.0574	-0.012
2.0575	-0.0152
2.0576	-0.0152
2.0577	-0.0144
2.0578	-0.0104
2.0579	-0.0064
2.058	-0.0024
2.0581	0.0016
2.0582	0.0056
2.0583	0.0064
2.0584	0.0072
2.0585	0.0088
2.0586	0.0088
2.0587	0.0096
2.0588	0.0088
2.0589	0.0104
2.059	0.008
2.0591	0.0088
2.0592	0.008
2.0593	0.004
2.0594	0.0024
2.0595	-0.0008
2.0596	-0.0016
2.0597	-0.0016
2.0598	0.0008
2.0599	0.0008
2.06	0.0032
2.0601	0.0032
2.0602	0.0008
2.0603	-0.0024
2.0604	-0.0016
2.0605	-0.0008
2.0606	0.0024
2.0607	0.004
2.0608	0.0064
2.0609	0.0056
2.061	0.0056
2.0611	0.0072
2.0612	0.0088
2.0613	0.008
2.0614	0.0096
2.0615	0.0072
2.0616	0.0048
2.0617	-0.0008
2.0618	-0.0072
2.0619	-0.0112
2.062	-0.0184
2.0621	-0.02
2.0622	-0.0208
2.0623	-0.02
2.0624	-0.02
2.0625	-0.0176
2.0626	-0.0144
2.0627	-0.0096
2.0628	-0.004
2.0629	-0.0008
2.063	0.0032
2.0631	0.008
2.0632	0.012
2.0633	0.0168
2.0634	0.0208
2.0635	0.02
2.0636	0.02
2.0637	0.0176
2.0638	0.016
2.0639	0.0136
2.064	0.0112
2.0641	0.004
2.0642	-0.0024
2.0643	-0.0088
2.0644	-0.0104
2.0645	-0.0128
2.0646	-0.0128
2.0647	-0.012
2.0648	-0.012
2.0649	-0.0128
2.065	-0.012
2.0651	-0.0088
2.0652	-0.0024
2.0653	0
2.0654	0.004
2.0655	0.0064
2.0656	0.0064
2.0657	0.0048
2.0658	0.0032
2.0659	0
2.066	-0.0024
2.0661	-0.0024
2.0662	-0.0016
2.0663	-0.0016
2.0664	-0.0008
2.0665	-0.0008
2.0666	-0.0008
2.0667	0.0048
2.0668	0.0056
2.0669	0.0096
2.067	0.0096
2.0671	0.0104
2.0672	0.0104
2.0673	0.0096
2.0674	0.0088
2.0675	0.0072
2.0676	0.0032
2.0677	0.0032
2.0678	0.0024
2.0679	0.004
2.068	0.0056
2.0681	0.0088
2.0682	0.0112
2.0683	0.0112
2.0684	0.0072
2.0685	0.0016
2.0686	-0.0032
2.0687	-0.0096
2.0688	-0.0128
2.0689	-0.0144
2.069	-0.02
2.0691	-0.0216
2.0692	-0.0224
2.0693	-0.0224
2.0694	-0.0208
2.0695	-0.0168
2.0696	-0.0112
2.0697	0
2.0698	0.0088
2.0699	0.0168
2.07	0.0216
2.0701	0.0272
2.0702	0.0288
2.0703	0.0264
2.0704	0.0208
2.0705	0.0176
2.0706	0.0144
2.0707	0.0144
2.0708	0.0104
2.0709	0.0048
2.071	-0.0008
2.0711	-0.0072
2.0712	-0.0072
2.0713	-0.0072
2.0714	-0.0032
2.0715	0.0008
2.0716	0.0032
2.0717	0.004
2.0718	0.0064
2.0719	0.0072
2.072	0.0072
2.0721	0.0072
2.0722	0.0088
2.0723	0.0088
2.0724	0.0104
2.0725	0.0104
2.0726	0.012
2.0727	0.0144
2.0728	0.012
2.0729	0.0112
2.073	0.0088
2.0731	0.0072
2.0732	0.0032
2.0733	0.0016
2.0734	0.0016
2.0735	0.0008
2.0736	-0.0008
2.0737	-0.0008
2.0738	-0.0056
2.0739	-0.0104
2.074	-0.0144
2.0741	-0.0168
2.0742	-0.0176
2.0743	-0.0184
2.0744	-0.0184
2.0745	-0.0168
2.0746	-0.0152
2.0747	-0.012
2.0748	-0.0096
2.0749	-0.0056
2.075	-0.004
2.0751	-0.0024
2.0752	-0.0024
2.0753	-0.0016
2.0754	-0.0024
2.0755	-0.0056
2.0756	-0.0104
2.0757	-0.0128
2.0758	-0.0136
2.0759	-0.016
2.076	-0.0144
2.0761	-0.0128
2.0762	-0.012
2.0763	-0.0056
2.0764	0.0008
2.0765	0.004
2.0766	0.0072
2.0767	0.0112
2.0768	0.016
2.0769	0.0192
2.077	0.0224
2.0771	0.0216
2.0772	0.0184
2.0773	0.016
2.0774	0.0128
2.0775	0.0064
2.0776	0.0024
2.0777	-0.0032
2.0778	-0.012
2.0779	-0.0152
2.078	-0.0184
2.0781	-0.0184
2.0782	-0.0152
2.0783	-0.0136
2.0784	-0.0096
2.0785	-0.0056
2.0786	-0.0008
2.0787	0.0032
2.0788	0.0112
2.0789	0.016
2.079	0.0216
2.0791	0.0248
2.0792	0.0256
2.0793	0.0224
2.0794	0.0208
2.0795	0.0168
2.0796	0.0144
2.0797	0.0104
2.0798	0.0088
2.0799	0.0072
2.08	0.0056
2.0801	0.0024
2.0802	0.0016
2.0803	0.0032
2.0804	0.0072
2.0805	0.0072
2.0806	0.0088
2.0807	0.0088
2.0808	0.0088
2.0809	0.008
2.081	0.0048
2.0811	0.0032
2.0812	-0.0008
2.0813	-0.0024
2.0814	-0.004
2.0815	-0.004
2.0816	0
2.0817	0.0032
2.0818	0.0096
2.0819	0.0096
2.082	0.0104
2.0821	0.0064
2.0822	0.0032
2.0823	-0.0008
2.0824	-0.0088
2.0825	-0.012
2.0826	-0.0176
2.0827	-0.0232
2.0828	-0.0256
2.0829	-0.028
2.083	-0.0296
2.0831	-0.0288
2.0832	-0.0248
2.0833	-0.0184
2.0834	-0.0072
2.0835	0
2.0836	0.0088
2.0837	0.016
2.0838	0.0216
2.0839	0.0248
2.084	0.0216
2.0841	0.0184
2.0842	0.016
2.0843	0.0128
2.0844	0.0112
2.0845	0.0072
2.0846	0.0024
2.0847	-0.0032
2.0848	-0.0088
2.0849	-0.008
2.085	-0.008
2.0851	-0.0048
2.0852	-0.0008
2.0853	0.0008
2.0854	0.0024
2.0855	0.0048
2.0856	0.0072
2.0857	0.0064
2.0858	0.0064
2.0859	0.008
2.086	0.0072
2.0861	0.0072
2.0862	0.0072
2.0863	0.0048
2.0864	0.0056
2.0865	-0.0008
2.0866	-0.0016
2.0867	-0.008
2.0868	-0.0112
2.0869	-0.0128
2.087	-0.0112
2.0871	-0.012
2.0872	-0.0112
2.0873	-0.0096
2.0874	-0.0072
2.0875	-0.008
2.0876	-0.0072
2.0877	-0.0056
2.0878	-0.0024
2.0879	0
2.088	0.0032
2.0881	0.0024
2.0882	0.0024
2.0883	0.0048
2.0884	0.0072
2.0885	0.0096
2.0886	0.0104
2.0887	0.0128
2.0888	0.0128
2.0889	0.0128
2.089	0.0112
2.0891	0.0064
2.0892	0.0008
2.0893	-0.0048
2.0894	-0.0104
2.0895	-0.0112
2.0896	-0.0136
2.0897	-0.0152
2.0898	-0.0152
2.0899	-0.0152
2.09	-0.0128
2.0901	-0.0128
2.0902	-0.0096
2.0903	-0.0024
2.0904	0.0032
2.0905	0.008
2.0906	0.0152
2.0907	0.0192
2.0908	0.0224
2.0909	0.0224
2.091	0.024
2.0911	0.0224
2.0912	0.0208
2.0913	0.0168
2.0914	0.0096
2.0915	0.0048
2.0916	0.0008
2.0917	-0.0016
2.0918	-0.0032
2.0919	-0.004
2.092	-0.0032
2.0921	-0.0064
2.0922	-0.008
2.0923	-0.0056
2.0924	-0.004
2.0925	0
2.0926	0.0048
2.0927	0.0048
2.0928	0.008
2.0929	0.008
2.093	0.008
2.0931	0.0072
2.0932	0.0056
2.0933	0.0016
2.0934	0.0024
2.0935	-0.0008
2.0936	-0.0024
2.0937	-0.0032
2.0938	-0.0008
2.0939	-0.004
2.094	-0.0016
2.0941	0.0008
2.0942	0.0016
2.0943	0.0016
2.0944	0.0032
2.0945	0.004
2.0946	0.004
2.0947	0.0024
2.0948	-0.0016
2.0949	-0.004
2.095	-0.004
2.0951	-0.0048
2.0952	-0.0008
2.0953	0.0032
2.0954	0.0056
2.0955	0.0096
2.0956	0.0072
2.0957	0.0088
2.0958	0.0048
2.0959	0
2.096	-0.004
2.0961	-0.0096
2.0962	-0.0128
2.0963	-0.0184
2.0964	-0.02
2.0965	-0.0208
2.0966	-0.024
2.0967	-0.0216
2.0968	-0.02
2.0969	-0.0128
2.097	-0.0032
2.0971	0.0048
2.0972	0.0152
2.0973	0.0256
2.0974	0.032
2.0975	0.0336
2.0976	0.032
2.0977	0.0288
2.0978	0.0232
2.0979	0.02
2.098	0.0184
2.0981	0.0144
2.0982	0.0056
2.0983	-0.0016
2.0984	-0.0072
2.0985	-0.0104
2.0986	-0.0104
2.0987	-0.0088
2.0988	-0.0104
2.0989	-0.008
2.099	-0.0072
2.0991	-0.008
2.0992	-0.0064
2.0993	-0.0064
2.0994	-0.0056
2.0995	-0.0048
2.0996	-0.0016
2.0997	0.0024
2.0998	0.0048
2.0999	0.0064
2.1	0.0096
2.1001	0.0104
2.1002	0.0088
2.1003	0.008
2.1004	0.0072
2.1005	0.0056
2.1006	0.0048
2.1007	0.0048
2.1008	0.004
2.1009	0.004
2.101	0.0032
2.1011	0
2.1012	-0.0024
2.1013	-0.0048
2.1014	-0.008
2.1015	-0.0088
2.1016	-0.0088
2.1017	-0.0112
2.1018	-0.0104
2.1019	-0.0088
2.102	-0.0096
2.1021	-0.0072
2.1022	-0.0064
2.1023	-0.0056
2.1024	-0.0048
2.1025	-0.0016
2.1026	-0.0008
2.1027	0.0016
2.1028	-0.0032
2.1029	-0.0056
2.103	-0.008
2.1031	-0.0088
2.1032	-0.0096
2.1033	-0.0104
2.1034	-0.0112
2.1035	-0.0112
2.1036	-0.008
2.1037	-0.0056
2.1038	-0.0024
2.1039	0.0048
2.104	0.0096
2.1041	0.016
2.1042	0.0216
2.1043	0.0256
2.1044	0.0256
2.1045	0.0248
2.1046	0.0232
2.1047	0.02
2.1048	0.0168
2.1049	0.0088
2.105	0.0048
2.1051	0
2.1052	-0.0056
2.1053	-0.0088
2.1054	-0.0104
2.1055	-0.0104
2.1056	-0.008
2.1057	-0.0088
2.1058	-0.0072
2.1059	-0.0048
2.106	-0.0008
2.1061	0.0032
2.1062	0.0104
2.1063	0.0112
2.1064	0.0152
2.1065	0.016
2.1066	0.0136
2.1067	0.0128
2.1068	0.0096
2.1069	0.0072
2.107	0.0048
2.1071	0.0056
2.1072	0.0008
2.1073	0
2.1074	-0.0008
2.1075	-0.0024
2.1076	-0.0008
2.1077	0.0016
2.1078	0.0048
2.1079	0.0064
2.108	0.0096
2.1081	0.008
2.1082	0.0088
2.1083	0.0056
2.1084	0.0048
2.1085	0.0016
2.1086	0
2.1087	-0.0008
2.1088	-0.0016
2.1089	-0.0008
2.109	0.0056
2.1091	0.0112
2.1092	0.0104
2.1093	0.0136
2.1094	0.0152
2.1095	0.0112
2.1096	0.0096
2.1097	0.004
2.1098	-0.0016
2.1099	-0.0056
2.11	-0.0112
2.1101	-0.0152
2.1102	-0.0208
2.1103	-0.0264
2.1104	-0.028
2.1105	-0.028
2.1106	-0.024
2.1107	-0.0192
2.1108	-0.012
2.1109	-0.0024
2.111	0.0048
2.1111	0.0088
2.1112	0.0112
2.1113	0.0088
2.1114	0.0072
2.1115	0.0032
2.1116	0.004
2.1117	0.0008
2.1118	-0.0016
2.1119	-0.004
2.112	-0.008
2.1121	-0.0104
2.1122	-0.0112
2.1123	-0.0072
2.1124	-0.0072
2.1125	-0.0048
2.1126	-0.0032
2.1127	0
2.1128	0.0024
2.1129	0.0048
2.113	0.0056
2.1131	0.0072
2.1132	0.0096
2.1133	0.0112
2.1134	0.012
2.1135	0.016
2.1136	0.016
2.1137	0.0136
2.1138	0.0096
2.1139	0.008
2.114	0.0016
2.1141	-0.0016
2.1142	-0.0056
2.1143	-0.0088
2.1144	-0.0088
2.1145	-0.0104
2.1146	-0.012
2.1147	-0.0112
2.1148	-0.0096
2.1149	-0.0088
2.115	-0.008
2.1151	-0.0048
2.1152	0
2.1153	0.0024
2.1154	0.004
2.1155	0.008
2.1156	0.0096
2.1157	0.0104
2.1158	0.012
2.1159	0.012
2.116	0.0152
2.1161	0.016
2.1162	0.0176
2.1163	0.016
2.1164	0.0128
2.1165	0.0088
2.1166	0.0056
2.1167	0
2.1168	-0.0008
2.1169	-0.0048
2.117	-0.008
2.1171	-0.0112
2.1172	-0.0136
2.1173	-0.0128
2.1174	-0.0104
2.1175	-0.0088
2.1176	-0.004
2.1177	0.0016
2.1178	0.0088
2.1179	0.0152
2.118	0.0192
2.1181	0.0208
2.1182	0.0224
2.1183	0.0224
2.1184	0.0192
2.1185	0.0168
2.1186	0.0152
2.1187	0.0096
2.1188	0.0024
2.1189	-0.0024
2.119	-0.0064
2.1191	-0.0088
2.1192	-0.0096
2.1193	-0.0096
2.1194	-0.012
2.1195	-0.0128
2.1196	-0.0128
2.1197	-0.0104
2.1198	-0.0072
2.1199	-0.0048
2.12	0
2.1201	0.0024
2.1202	0.004
2.1203	0.0048
2.1204	0.004
2.1205	0.0008
2.1206	-0.0016
2.1207	0
2.1208	0.0008
2.1209	0
2.121	-0.0008
2.1211	-0.0016
2.1212	-0.0016
2.1213	0
2.1214	0.0024
2.1215	0.0064
2.1216	0.0064
2.1217	0.0112
2.1218	0.0104
2.1219	0.0088
2.122	0.008
2.1221	0.0056
2.1222	0.0048
2.1223	0.0024
2.1224	0.0016
2.1225	0.0008
2.1226	0.0024
2.1227	0.0056
2.1228	0.0056
2.1229	0.0072
2.123	0.0064
2.1231	0.0024
2.1232	-0.004
2.1233	-0.0096
2.1234	-0.0128
2.1235	-0.02
2.1236	-0.0224
2.1237	-0.028
2.1238	-0.0312
2.1239	-0.0344
2.124	-0.036
2.1241	-0.0336
2.1242	-0.0272
2.1243	-0.0184
2.1244	-0.0064
2.1245	0.0024
2.1246	0.0144
2.1247	0.0224
2.1248	0.0304
2.1249	0.028