1.95	-0.012
1.95004	-0.0104
1.95008	-0.0104
1.95012	-0.0096
1.95016	-0.0088
1.9502	-0.0088
1.95024	-0.0096
1.95028	-0.0072
1.95032	-0.0072
1.95036	-0.008
1.9504	-0.008
1.95044	-0.0072
1.95048	-0.0088
1.95052	-0.0096
1.95056	-0.0104
1.9506	-0.0128
1.95064	-0.0112
1.95068	-0.012
1.95072	-0.012
1.95076	-0.0136
1.9508	-0.0136
1.95084	-0.0128
1.95088	-0.0128
1.95092	-0.0144
1.95096	-0.0136
1.951	-0.0128
1.95104	-0.0136
1.95108	-0.0112
1.95112	-0.0112
1.95116	-0.0104
1.9512	-0.0104
1.95124	-0.0096
1.95128	-0.0088
1.95132	-0.008
1.95136	-0.0064
1.9514	-0.0056
1.95144	-0.0056
1.95148	-0.0048
1.95152	-0.0048
1.95156	-0.0008
1.9516	-0.0008
1.95164	0
1.95168	0.0008
1.95172	0
1.95176	0.0016
1.9518	0.0016
1.95184	0.0032
1.95188	0.004
1.95192	0.0024
1.95196	0.0016
1.952	0.0024
1.95204	0.0032
1.95208	0.0024
1.95212	-0.0008
1.95216	0.0032
1.9522	0.0016
1.95224	0.0016
1.95228	0.0024
1.95232	0.0032
1.95236	0.004
1.9524	0.004
1.95244	0.004
1.95248	0.0056
1.95252	0.004
1.95256	0.004
1.9526	0.004
1.95264	0.0056
1.95268	0.004
1.95272	0.0032
1.95276	0.0032
1.9528	0.0048
1.95284	0.004
1.95288	0.0048
1.95292	0.0056
1.95296	0.004
1.953	0.0064
1.95304	0.0064
1.95308	0.0048
1.95312	0.004
1.95316	0.0016
1.9532	0.0008
1.95324	0.0016
1.95328	-0.0008
1.95332	0
1.95336	-0.0008
1.9534	0.0008
1.95344	-0.0008
1.95348	-0.0008
1.95352	0.0008
1.95356	0
1.9536	0.0008
1.95364	0.0008
1.95368	0
1.95372	0.0008
1.95376	0.0016
1.9538	0.0016
1.95384	0.0016
1.95388	0.0024
1.95392	0.0016
1.95396	0.0048
1.954	0.004
1.95404	0.004
1.95408	0.0056
1.95412	0.0088
1.95416	0.0088
1.9542	0.0088
1.95424	0.008
1.95428	0.0096
1.95432	0.0088
1.95436	0.0088
1.9544	0.008
1.95444	0.008
1.95448	0.008
1.95452	0.0088
1.95456	0.0096
1.9546	0.0096
1.95464	0.0104
1.95468	0.0088
1.95472	0.0088
1.95476	0.0088
1.9548	0.008
1.95484	0.0088
1.95488	0.0072
1.95492	0.0064
1.95496	0.0072
1.955	0.0064
1.95504	0.0056
1.95508	0.004
1.95512	0.0056
1.95516	0.0072
1.9552	0.0072
1.95524	0.0104
1.95528	0.0112
1.95532	0.0112
1.95536	0.0112
1.9554	0.0128
1.95544	0.0152
1.95548	0.0152
1.95552	0.016
1.95556	0.016
1.9556	0.016
1.95564	0.016
1.95568	0.016
1.95572	0.016
1.95576	0.0168
1.9558	0.0152
1.95584	0.016
1.95588	0.016
1.95592	0.016
1.95596	0.0144
1.956	0.0144
1.95604	0.0136
1.95608	0.012
1.95612	0.0128
1.95616	0.0096
1.9562	0.0104
1.95624	0.0096
1.95628	0.0096
1.95632	0.008
1.95636	0.008
1.9564	0.0072
1.95644	0.0064
1.95648	0.0056
1.95652	0.0064
1.95656	0.0048
1.9566	0.0056
1.95664	0.0056
1.95668	0.0032
1.95672	0.0032
1.95676	0.0048
1.9568	0.004
1.95684	0.0064
1.95688	0.0064
1.95692	0.0072
1.95696	0.0064
1.957	0.008
1.95704	0.008
1.95708	0.008
1.95712	0.0072
1.95716	0.0072
1.9572	0.0088
1.95724	0.0064
1.95728	0.0048
1.95732	0.004
1.95736	0.0032
1.9574	0.0032
1.95744	0.0024
1.95748	0.0016
1.95752	-0.0016
1.95756	-0.0016
1.9576	-0.0024
1.95764	-0.004
1.95768	-0.0048
1.95772	-0.0064
1.95776	-0.0072
1.9578	-0.0056
1.95784	-0.0064
1.95788	-0.0072
1.95792	-0.0088
1.95796	-0.008
1.958	-0.0072
1.95804	-0.0072
1.95808	-0.0072
1.95812	-0.0048
1.95816	-0.0048
1.9582	-0.0048
1.95824	-0.0032
1.95828	-0.0016
1.95832	0
1.95836	0.0016
1.9584	0.0024
1.95844	0.0024
1.95848	0.004
1.95852	0.004
1.95856	0.0064
1.9586	0.0048
1.95864	0.0072
1.95868	0.0072
1.95872	0.0072
1.95876	0.008
1.9588	0.0064
1.95884	0.0064
1.95888	0.0056
1.95892	0.004
1.95896	0.0048
1.959	0.0048
1.95904	0.004
1.95908	0.0064
1.95912	0.0064
1.95916	0.004
1.9592	0.0072
1.95924	0.004
1.95928	0.004
1.95932	0.004
1.95936	0.0032
1.9594	0.0032
1.95944	0.0016
1.95948	0.0008
1.95952	0
1.95956	0
1.9596	-0.0024
1.95964	-0.0048
1.95968	-0.004
1.95972	-0.0056
1.95976	-0.0056
1.9598	-0.0056
1.95984	-0.0072
1.95988	-0.008
1.95992	-0.008
1.95996	-0.0088
1.96	-0.0112
1.96004	-0.0128
1.96008	-0.0128
1.96012	-0.0136
1.96016	-0.0136
1.9602	-0.0144
1.96024	-0.0152
1.96028	-0.0168
1.96032	-0.016
1.96036	-0.0144
1.9604	-0.0168
1.96044	-0.0152
1.96048	-0.016
1.96052	-0.0192
1.96056	-0.0184
1.9606	-0.0176
1.96064	-0.0176
1.96068	-0.0176
1.96072	-0.0176
1.96076	-0.0176
1.9608	-0.016
1.96084	-0.0136
1.96088	-0.012
1.96092	-0.012
1.96096	-0.0112
1.961	-0.0104
1.96104	-0.0096
1.96108	-0.0088
1.96112	-0.0096
1.96116	-0.0088
1.9612	-0.0088
1.96124	-0.0088
1.96128	-0.0088
1.96132	-0.008
1.96136	-0.0072
1.9614	-0.0048
1.96144	-0.004
1.96148	-0.0048
1.96152	-0.004
1.96156	-0.0032
1.9616	-0.0032
1.96164	-0.0032
1.96168	-0.0032
1.96172	-0.0032
1.96176	-0.0024
1.9618	-0.0016
1.96184	-0.004
1.96188	-0.0032
1.96192	-0.0024
1.96196	0
1.962	0.0016
1.96204	0.0008
1.96208	0.0024
1.96212	0.004
1.96216	0.0048
1.9622	0.0048
1.96224	0.0032
1.96228	0.0056
1.96232	0.0032
1.96236	0.0048
1.9624	0.004
1.96244	0.0032
1.96248	0.0016
1.96252	0.0016
1.96256	0.0024
1.9626	0.0016
1.96264	0.0016
1.96268	0.0024
1.96272	0.0032
1.96276	0.004
1.9628	0.0016
1.96284	0.0024
1.96288	0.0024
1.96292	0.0032
1.96296	0.0032
1.963	0.0032
1.96304	0.0032
1.96308	0.0024
1.96312	0.0024
1.96316	0.0016
1.9632	0.0024
1.96324	0.0016
1.96328	0.0024
1.96332	0.0008
1.96336	0.0016
1.9634	0.0016
1.96344	0.0008
1.96348	0
1.96352	0
1.96356	-0.0024
1.9636	0
1.96364	-0.0016
1.96368	-0.0008
1.96372	-0.0016
1.96376	-0.0016
1.9638	-0.0008
1.96384	-0.0024
1.96388	-0.0008
1.96392	-0.0008
1.96396	0
1.964	0.0016
1.96404	0.0008
1.96408	0
1.96412	-0.0008
1.96416	-0.0024
1.9642	-0.0016
1.96424	-0.0008
1.96428	-0.0008
1.96432	-0.0032
1.96436	-0.0024
1.9644	-0.0032
1.96444	-0.0024
1.96448	-0.0024
1.96452	-0.0024
1.96456	-0.0016
1.9646	0
1.96464	0.0016
1.96468	0.0016
1.96472	0.0024
1.96476	0.0032
1.9648	0.004
1.96484	0.0048
1.96488	0.0088
1.96492	0.008
1.96496	0.0072
1.965	0.0088
1.96504	0.0112
1.96508	0.0096
1.96512	0.0112
1.96516	0.0112
1.9652	0.012
1.96524	0.0112
1.96528	0.012
1.96532	0.0144
1.96536	0.016
1.9654	0.0144
1.96544	0.0152
1.96548	0.0136
1.96552	0.0152
1.96556	0.0152
1.9656	0.0136
1.96564	0.0128
1.96568	0.012
1.96572	0.0128
1.96576	0.0112
1.9658	0.0112
1.96584	0.0096
1.96588	0.0112
1.96592	0.0112
1.96596	0.0128
1.966	0.0128
1.96604	0.0128
1.96608	0.0144
1.96612	0.0128
1.96616	0.0128
1.9662	0.0136
1.96624	0.0136
1.96628	0.0112
1.96632	0.0112
1.96636	0.0088
1.9664	0.0072
1.96644	0.0072
1.96648	0.0056
1.96652	0.0072
1.96656	0.0056
1.9666	0.0072
1.96664	0.0056
1.96668	0.004
1.96672	0.0024
1.96676	0.0024
1.9668	0
1.96684	0.0008
1.96688	-0.0008
1.96692	0
1.96696	-0.0016
1.967	-0.0016
1.96704	-0.0016
1.96708	-0.0024
1.96712	-0.004
1.96716	-0.0032
1.9672	-0.0024
1.96724	-0.0016
1.96728	-0.0016
1.96732	-0.0008
1.96736	-0.0008
1.9674	-0.0016
1.96744	0.0016
1.96748	0
1.96752	0.0024
1.96756	0.0024
1.9676	0.0032
1.96764	0.0056
1.96768	0.0064
1.96772	0.0064
1.96776	0.008
1.9678	0.0088
1.96784	0.0104
1.96788	0.0112
1.96792	0.0096
1.96796	0.0112
1.968	0.0096
1.96804	0.008
1.96808	0.0088
1.96812	0.008
1.96816	0.008
1.9682	0.0072
1.96824	0.0096
1.96828	0.0072
1.96832	0.0064
1.96836	0.0056
1.9684	0.0056
1.96844	0.0032
1.96848	0.0024
1.96852	0
1.96856	0.0008
1.9686	-0.0024
1.96864	-0.0048
1.96868	-0.0048
1.96872	-0.0064
1.96876	-0.0064
1.9688	-0.0072
1.96884	-0.0064
1.96888	-0.0048
1.96892	-0.0056
1.96896	-0.0056
1.969	-0.004
1.96904	-0.0056
1.96908	-0.0064
1.96912	-0.0056
1.96916	-0.0048
1.9692	-0.0056
1.96924	-0.0064
1.96928	-0.0072
1.96932	-0.008
1.96936	-0.0088
1.9694	-0.008
1.96944	-0.0072
1.96948	-0.0072
1.96952	-0.008
1.96956	-0.0088
1.9696	-0.0088
1.96964	-0.0112
1.96968	-0.0096
1.96972	-0.0104
1.96976	-0.0088
1.9698	-0.0096
1.96984	-0.0096
1.96988	-0.0112
1.96992	-0.0088
1.96996	-0.0088
1.97	-0.0104
1.97004	-0.0072
1.97008	-0.0096
1.97012	-0.0096
1.97016	-0.008
1.9702	-0.0072
1.97024	-0.008
1.97028	-0.008
1.97032	-0.0048
1.97036	-0.0056
1.9704	-0.0056
1.97044	-0.0056
1.97048	-0.0032
1.97052	-0.0016
1.97056	-0.0008
1.9706	0.0008
1.97064	0.0016
1.97068	0.0048
1.97072	0.004
1.97076	0.0064
1.9708	0.0088
1.97084	0.0112
1.97088	0.0096
1.97092	0.012
1.97096	0.0136
1.971	0.012
1.97104	0.0128
1.97108	0.0152
1.97112	0.0136
1.97116	0.0136
1.9712	0.0144
1.97124	0.0112
1.97128	0.0128
1.97132	0.0112
1.97136	0.0104
1.9714	0.0112
1.97144	0.0112
1.97148	0.0104
1.97152	0.0096
1.97156	0.0088
1.9716	0.0096
1.97164	0.0096
1.97168	0.0088
1.97172	0.0104
1.97176	0.0088
1.9718	0.0104
1.97184	0.0096
1.97188	0.0096
1.97192	0.0096
1.97196	0.0088
1.972	0.0112
1.97204	0.0104
1.97208	0.0112
1.97212	0.0104
1.97216	0.0088
1.9722	0.0096
1.97224	0.0088
1.97228	0.008
1.97232	0.008
1.97236	0.0056
1.9724	0.0056
1.97244	0.0032
1.97248	0.0024
1.97252	0.0016
1.97256	0.0008
1.9726	-0.0016
1.97264	-0.0024
1.97268	-0.0032
1.97272	-0.004
1.97276	-0.0024
1.9728	-0.004
1.97284	-0.004
1.97288	-0.0064
1.97292	-0.0064
1.97296	-0.0056
1.973	-0.0072
1.97304	-0.0072
1.97308	-0.0088
1.97312	-0.0096
1.97316	-0.0104
1.9732	-0.0104
1.97324	-0.0128
1.97328	-0.0104
1.97332	-0.012
1.97336	-0.012
1.9734	-0.012
1.97344	-0.012
1.97348	-0.012
1.97352	-0.012
1.97356	-0.0136
1.9736	-0.0128
1.97364	-0.0128
1.97368	-0.0128
1.97372	-0.0136
1.97376	-0.0128
1.9738	-0.012
1.97384	-0.012
1.97388	-0.012
1.97392	-0.012
1.97396	-0.0104
1.974	-0.0088
1.97404	-0.0088
1.97408	-0.0088
1.97412	-0.0088
1.97416	-0.0112
1.9742	-0.0104
1.97424	-0.0096
1.97428	-0.0096
1.97432	-0.0088
1.97436	-0.0104
1.9744	-0.0104
1.97444	-0.0072
1.97448	-0.0072
1.97452	-0.0048
1.97456	-0.0056
1.9746	-0.0008
1.97464	-0.0032
1.97468	-0.0024
1.97472	0
1.97476	-0.0008
1.9748	-0.0008
1.97484	0
1.97488	0
1.97492	0.0024
1.97496	0.0048
1.975	0.0056
1.97504	0.0064
1.97508	0.0072
1.97512	0.008
1.97516	0.0072
1.9752	0.0088
1.97524	0.0096
1.97528	0.0096
1.97532	0.0112
1.97536	0.008
1.9754	0.0088
1.97544	0.0072
1.97548	0.0072
1.97552	0.0072
1.97556	0.008
1.9756	0.008
1.97564	0.0088
1.97568	0.0104
1.97572	0.0088
1.97576	0.008
1.9758	0.0096
1.97584	0.0096
1.97588	0.0088
1.97592	0.0088
1.97596	0.0088
1.976	0.0088
1.97604	0.008
1.97608	0.0072
1.97612	0.0064
1.97616	0.0048
1.9762	0.004
1.97624	0.0032
1.97628	0.0032
1.97632	0.004
1.97636	0.0032
1.9764	0.0016
1.97644	0.0016
1.97648	0.0016
1.97652	0.0016
1.97656	0.0024
1.9766	0.0016
1.97664	0.0016
1.97668	0.0016
1.97672	0.0024
1.97676	0.0016
1.9768	0.0032
1.97684	0.0016
1.97688	0.0024
1.97692	0.0032
1.97696	0.0024
1.977	0.0032
1.97704	0.0032
1.97708	-0.0008
1.97712	0.0016
1.97716	0
1.9772	0
1.97724	0.0016
1.97728	-0.0008
1.97732	-0.0016
1.97736	-0.0024
1.9774	-0.0008
1.97744	-0.0008
1.97748	-0.0008
1.97752	-0.0032
1.97756	-0.0008
1.9776	-0.0008
1.97764	-0.0032
1.97768	-0.0032
1.97772	-0.0032
1.97776	-0.0048
1.9778	-0.0048
1.97784	-0.004
1.97788	-0.0056
1.97792	-0.0048
1.97796	-0.0064
1.978	-0.008
1.97804	-0.008
1.97808	-0.0096
1.97812	-0.0088
1.97816	-0.0088
1.9782	-0.008
1.97824	-0.0064
1.97828	-0.0056
1.97832	-0.0056
1.97836	-0.0048
1.9784	-0.004
1.97844	-0.004
1.97848	-0.0024
1.97852	-0.0008
1.97856	0
1.9786	0
1.97864	0.0016
1.97868	0.0008
1.97872	0.0016
1.97876	0.0008
1.9788	0.0016
1.97884	0.0032
1.97888	0.0032
1.97892	0.0048
1.97896	0.0056
1.979	0.0056
1.97904	0.0064
1.97908	0.0064
1.97912	0.0056
1.97916	0.0056
1.9792	0.0064
1.97924	0.0064
1.97928	0.0048
1.97932	0.0032
1.97936	0.0032
1.9794	0.0032
1.97944	0.0024
1.97948	0.0024
1.97952	0.004
1.97956	0.0048
1.9796	0.0056
1.97964	0.0072
1.97968	0.0072
1.97972	0.0104
1.97976	0.0104
1.9798	0.0104
1.97984	0.0112
1.97988	0.0112
1.97992	0.0096
1.97996	0.012
1.98	0.0128
1.98004	0.0112
1.98008	0.0128
1.98012	0.0112
1.98016	0.0128
1.9802	0.0128
1.98024	0.012
1.98028	0.012
1.98032	0.0112
1.98036	0.0096
1.9804	0.0088
1.98044	0.008
1.98048	0.0072
1.98052	0.0048
1.98056	0.0032
1.9806	0.0016
1.98064	0.0008
1.98068	0
1.98072	0
1.98076	-0.0008
1.9808	-0.0008
1.98084	-0.0016
1.98088	-0.0008
1.98092	-0.004
1.98096	-0.0032
1.981	-0.0048
1.98104	-0.0056
1.98108	-0.0048
1.98112	-0.004
1.98116	-0.0048
1.9812	-0.004
1.98124	-0.0048
1.98128	-0.004
1.98132	-0.0032
1.98136	-0.0016
1.9814	-0.0016
1.98144	0
1.98148	0
1.98152	0.0008
1.98156	0.0008
1.9816	0.0008
1.98164	-0.0008
1.98168	0
1.98172	0
1.98176	0.0016
1.9818	0.0008
1.98184	0
1.98188	-0.0008
1.98192	0.0008
1.98196	0.0008
1.982	0
1.98204	0
1.98208	0
1.98212	-0.0024
1.98216	-0.0008
1.9822	-0.004
1.98224	-0.004
1.98228	-0.0048
1.98232	-0.0048
1.98236	-0.0048
1.9824	-0.0048
1.98244	-0.0032
1.98248	-0.004
1.98252	-0.0024
1.98256	-0.0008
1.9826	-0.0008
1.98264	0.0016
1.98268	0.0016
1.98272	0.0032
1.98276	0.0032
1.9828	0.0048
1.98284	0.0056
1.98288	0.0072
1.98292	0.0064
1.98296	0.0072
1.983	0.008
1.98304	0.0088
1.98308	0.0088
1.98312	0.012
1.98316	0.012
1.9832	0.012
1.98324	0.012
1.98328	0.0104
1.98332	0.012
1.98336	0.0112
1.9834	0.0112
1.98344	0.0112
1.98348	0.0136
1.98352	0.0136
1.98356	0.0128
1.9836	0.0136
1.98364	0.0136
1.98368	0.0136
1.98372	0.0136
1.98376	0.0144
1.9838	0.0152
1.98384	0.016
1.98388	0.0136
1.98392	0.0152
1.98396	0.0152
1.984	0.0144
1.98404	0.0128
1.98408	0.0152
1.98412	0.016
1.98416	0.0168
1.9842	0.0168
1.98424	0.0152
1.98428	0.016
1.98432	0.016
1.98436	0.016
1.9844	0.0152
1.98444	0.0152
1.98448	0.0136
1.98452	0.0128
1.98456	0.012
1.9846	0.0112
1.98464	0.0088
1.98468	0.0088
1.98472	0.0064
1.98476	0.008
1.9848	0.004
1.98484	0.0032
1.98488	0
1.98492	-0.0008
1.98496	-0.0016
1.985	-0.0008
1.98504	-0.0024
1.98508	-0.004
1.98512	-0.004
1.98516	-0.0048
1.9852	-0.0064
1.98524	-0.0072
1.98528	-0.0056
1.98532	-0.0064
1.98536	-0.0072
1.9854	-0.0048
1.98544	-0.0064
1.98548	-0.0056
1.98552	-0.008
1.98556	-0.0064
1.9856	-0.0064
1.98564	-0.0064
1.98568	-0.0056
1.98572	-0.0048
1.98576	-0.0048
1.9858	-0.004
1.98584	-0.004
1.98588	-0.0032
1.98592	-0.004
1.98596	-0.004
1.986	-0.0048
1.98604	-0.0064
1.98608	-0.0072
1.98612	-0.0072
1.98616	-0.0088
1.9862	-0.0088
1.98624	-0.0128
1.98628	-0.0128
1.98632	-0.0104
1.98636	-0.012
1.9864	-0.012
1.98644	-0.0112
1.98648	-0.0128
1.98652	-0.012
1.98656	-0.012
1.9866	-0.012
1.98664	-0.0136
1.98668	-0.0128
1.98672	-0.0128
1.98676	-0.0144
1.9868	-0.0136
1.98684	-0.016
1.98688	-0.0152
1.98692	-0.0152
1.98696	-0.0144
1.987	-0.0152
1.98704	-0.016
1.98708	-0.0168
1.98712	-0.0152
1.98716	-0.016
1.9872	-0.0168
1.98724	-0.0192
1.98728	-0.0176
1.98732	-0.0168
1.98736	-0.0176
1.9874	-0.0168
1.98744	-0.0168
1.98748	-0.0168
1.98752	-0.0168
1.98756	-0.0168
1.9876	-0.0144
1.98764	-0.0136
1.98768	-0.0128
1.98772	-0.0144
1.98776	-0.0128
1.9878	-0.0128
1.98784	-0.0136
1.98788	-0.0128
1.98792	-0.0136
1.98796	-0.0128
1.988	-0.0128
1.98804	-0.0128
1.98808	-0.0128
1.98812	-0.012
1.98816	-0.0104
1.9882	-0.0096
1.98824	-0.0088
1.98828	-0.0072
1.98832	-0.0064
1.98836	-0.0064
1.9884	-0.0072
1.98844	-0.008
1.98848	-0.0072
1.98852	-0.0064
1.98856	-0.004
1.9886	-0.0024
1.98864	-0.0032
1.98868	-0.0016
1.98872	0
1.98876	0.0008
1.9888	0.0024
1.98884	0.0032
1.98888	0.0048
1.98892	0.0056
1.98896	0.0056
1.989	0.0064
1.98904	0.0072
1.98908	0.0096
1.98912	0.0072
1.98916	0.0096
1.9892	0.0112
1.98924	0.012
1.98928	0.0128
1.98932	0.0144
1.98936	0.0152
1.9894	0.0152
1.98944	0.0152
1.98948	0.0176
1.98952	0.016
1.98956	0.016
1.9896	0.016
1.98964	0.016
1.98968	0.0152
1.98972	0.0128
1.98976	0.0112
1.9898	0.0104
1.98984	0.0096
1.98988	0.0112
1.98992	0.0104
1.98996	0.0088
1.99	0.0072
1.99004	0.0072
1.99008	0.0056
1.99012	0.0072
1.99016	0.0072
1.9902	0.0048
1.99024	0.0056
1.99028	0.0056
1.99032	0.0056
1.99036	0.0072
1.9904	0.0064
1.99044	0.0072
1.99048	0.0072
1.99052	0.0088
1.99056	0.008
1.9906	0.008
1.99064	0.008
1.99068	0.0072
1.99072	0.0072
1.99076	0.0072
1.9908	0.008
1.99084	0.0072
1.99088	0.0072
1.99092	0.008
1.99096	0.0048
1.991	0.0064
1.99104	0.0032
1.99108	0.004
1.99112	0.0032
1.99116	0.0048
1.9912	0.0032
1.99124	0.0032
1.99128	0.0048
1.99132	0.0024
1.99136	0.0016
1.9914	0.0032
1.99144	0.0024
1.99148	0.0016
1.99152	0.0016
1.99156	0.0024
1.9916	0.0024
1.99164	0.0008
1.99168	0.0008
1.99172	0.0016
1.99176	0.0016
1.9918	0.0016
1.99184	0.0016
1.99188	0.0032
1.99192	0.0048
1.99196	0.0072
1.992	0.0072
1.99204	0.0096
1.99208	0.0104
1.99212	0.0128
1.99216	0.0152
1.9922	0.0152
1.99224	0.016
1.99228	0.0168
1.99232	0.0184
1.99236	0.0184
1.9924	0.0176
1.99244	0.0184
1.99248	0.0176
1.99252	0.0192
1.99256	0.0184
1.9926	0.02
1.99264	0.0192
1.99268	0.0184
1.99272	0.0176
1.99276	0.016
1.9928	0.0176
1.99284	0.0152
1.99288	0.0136
1.99292	0.0128
1.99296	0.0112
1.993	0.008
1.99304	0.008
1.99308	0.0072
1.99312	0.0056
1.99316	0.0064
1.9932	0.0072
1.99324	0.0048
1.99328	0.0072
1.99332	0.008
1.99336	0.008
1.9934	0.0072
1.99344	0.0072
1.99348	0.0072
1.99352	0.0064
1.99356	0.004
1.9936	0.004
1.99364	0.0032
1.99368	0.0016
1.99372	0.0024
1.99376	0.0024
1.9938	0
1.99384	-0.0008
1.99388	-0.0016
1.99392	-0.0016
1.99396	0
1.994	-0.0032
1.99404	-0.0032
1.99408	-0.004
1.99412	-0.0048
1.99416	-0.0064
1.9942	-0.0072
1.99424	-0.008
1.99428	-0.0088
1.99432	-0.0088
1.99436	-0.0104
1.9944	-0.0096
1.99444	-0.0088
1.99448	-0.0096
1.99452	-0.0112
1.99456	-0.0112
1.9946	-0.0104
1.99464	-0.0112
1.99468	-0.0112
1.99472	-0.0096
1.99476	-0.0104
1.9948	-0.0088
1.99484	-0.0072
1.99488	-0.0088
1.99492	-0.0064
1.99496	-0.0072
1.995	-0.0048
1.99504	-0.0056
1.99508	-0.0032
1.99512	-0.0024
1.99516	-0.0024
1.9952	-0.0016
1.99524	-0.0008
1.99528	-0.0008
1.99532	0
1.99536	0
1.9954	0.0024
1.99544	0.0024
1.99548	0.004
1.99552	0.0024
1.99556	0.0032
1.9956	0.0032
1.99564	0.004
1.99568	0.0056
1.99572	0.0056
1.99576	0.0056
1.9958	0.0072
1.99584	0.0056
1.99588	0.0056
1.99592	0.0048
1.99596	0.004
1.996	0.0056
1.99604	0.0056
1.99608	0.0048
1.99612	0.0056
1.99616	0.0048
1.9962	0.0056
1.99624	0.0064
1.99628	0.0056
1.99632	0.0056
1.99636	0.0056
1.9964	0.0064
1.99644	0.008
1.99648	0.0048
1.99652	0.004
1.99656	0.0024
1.9966	0.0016
1.99664	0.0032
1.99668	0.0024
1.99672	0.0008
1.99676	0
1.9968	-0.0024
1.99684	-0.0024
1.99688	-0.0024
1.99692	-0.0048
1.99696	-0.0072
1.997	-0.0072
1.99704	-0.0064
1.99708	-0.008
1.99712	-0.008
1.99716	-0.0088
1.9972	-0.0096
1.99724	-0.0088
1.99728	-0.008
1.99732	-0.0072
1.99736	-0.008
1.9974	-0.008
1.99744	-0.0088
1.99748	-0.0088
1.99752	-0.0088
1.99756	-0.008
1.9976	-0.0064
1.99764	-0.0088
1.99768	-0.0064
1.99772	-0.0064
1.99776	-0.0056
1.9978	-0.008
1.99784	-0.0072
1.99788	-0.0056
1.99792	-0.0056
1.99796	-0.0048
1.998	-0.0048
1.99804	-0.0016
1.99808	-0.0024
1.99812	-0.0016
1.99816	-0.0032
1.9982	-0.0024
1.99824	-0.0008
1.99828	-0.0024
1.99832	-0.0008
1.99836	-0.0008
1.9984	-0.0024
1.99844	-0.0024
1.99848	-0.004
1.99852	-0.0056
1.99856	-0.0056
1.9986	-0.008
1.99864	-0.0064
1.99868	-0.0064
1.99872	-0.0064
1.99876	-0.0072
1.9988	-0.0072
1.99884	-0.008
1.99888	-0.0064
1.99892	-0.0064
1.99896	-0.0056
1.999	-0.0048
1.99904	-0.0064
1.99908	-0.008
1.99912	-0.0064
1.99916	-0.0064
1.9992	-0.0056
1.99924	-0.0056
1.99928	-0.004
1.99932	-0.004
1.99936	-0.0008
1.9994	-0.0016
1.99944	0.0016
1.99948	0.0016
1.99952	0.0016
1.99956	0.0024
1.9996	0.004
1.99964	0.0032
1.99968	0.0016
1.99972	0.004
1.99976	0.0032
1.9998	0
1.99984	0.0008
1.99988	-0.0016
1.99992	0
1.99996	0.0008
2	-0.0008
2.00004	0
2.00008	0.0016
2.00012	0.0008
2.00016	0.0016
2.0002	0.0008
2.00024	-0.0008
2.00028	0
2.00032	-0.0008
2.00036	-0.0016
2.0004	-0.0016
2.00044	-0.004
2.00048	-0.004
2.00052	-0.0056
2.00056	-0.004
2.0006	-0.0048
2.00064	-0.004
2.00068	-0.0048
2.00072	-0.0032
2.00076	-0.0048
2.0008	-0.0048
2.00084	-0.0048
2.00088	-0.004
2.00092	-0.0048
2.00096	-0.004
2.001	-0.0048
2.00104	-0.0048
2.00108	-0.004
2.00112	-0.0032
2.00116	-0.0032
2.0012	-0.0024
2.00124	0
2.00128	0.0024
2.00132	0.0024
2.00136	0.0032
2.0014	0.0024
2.00144	0.004
2.00148	0.004
2.00152	0.004
2.00156	0.0024
2.0016	0.0024
2.00164	0.0032
2.00168	0.0024
2.00172	0.0032
2.00176	0.004
2.0018	0.0032
2.00184	0.0032
2.00188	0.0024
2.00192	0.0032
2.00196	0.0016
2.002	0.0024
2.00204	0.0024
2.00208	0
2.00212	0.0024
2.00216	0.0016
2.0022	0.0024
2.00224	0.0048
2.00228	0.0072
2.00232	0.0056
2.00236	0.0088
2.0024	0.0096
2.00244	0.0096
2.00248	0.0112
2.00252	0.012
2.00256	0.0136
2.0026	0.0128
2.00264	0.0128
2.00268	0.0144
2.00272	0.0152
2.00276	0.0144
2.0028	0.016
2.00284	0.0176
2.00288	0.0168
2.00292	0.0168
2.00296	0.0176
2.003	0.0192
2.00304	0.0184
2.00308	0.0184
2.00312	0.02
2.00316	0.0184
2.0032	0.0192
2.00324	0.0192
2.00328	0.0176
2.00332	0.0168
2.00336	0.0152
2.0034	0.016
2.00344	0.0136
2.00348	0.0136
2.00352	0.012
2.00356	0.0112
2.0036	0.0096
2.00364	0.0096
2.00368	0.0056
2.00372	0.0064
2.00376	0.0048
2.0038	0.0032
2.00384	0.0048
2.00388	0.004
2.00392	0.0056
2.00396	0.0056
2.004	0.0056
2.00404	0.0064
2.00408	0.0072
2.00412	0.0064
2.00416	0.008
2.0042	0.008
2.00424	0.0096
2.00428	0.0096
2.00432	0.0096
2.00436	0.0096
2.0044	0.0104
2.00444	0.0096
2.00448	0.0112
2.00452	0.0096
2.00456	0.0072
2.0046	0.0088
2.00464	0.008
2.00468	0.0064
2.00472	0.0056
2.00476	0.0064
2.0048	0.004
2.00484	0.004
2.00488	0.004
2.00492	0.0032
2.00496	0.0024
2.005	0.0008
2.00504	-0.0008
2.00508	0
2.00512	-0.0016
2.00516	-0.004
2.0052	-0.0048
2.00524	-0.0064
2.00528	-0.0064
2.00532	-0.0096
2.00536	-0.0096
2.0054	-0.0112
2.00544	-0.0112
2.00548	-0.0104
2.00552	-0.0112
2.00556	-0.0104
2.0056	-0.0096
2.00564	-0.0112
2.00568	-0.0104
2.00572	-0.0072
2.00576	-0.0088
2.0058	-0.0096
2.00584	-0.008
2.00588	-0.008
2.00592	-0.0072
2.00596	-0.008
2.006	-0.0072
2.00604	-0.0088
2.00608	-0.008
2.00612	-0.0072
2.00616	-0.0064
2.0062	-0.0048
2.00624	-0.0048
2.00628	-0.004
2.00632	-0.0024
2.00636	-0.0032
2.0064	-0.0048
2.00644	-0.0032
2.00648	-0.0048
2.00652	-0.0056
2.00656	-0.008
2.0066	-0.0088
2.00664	-0.0088
2.00668	-0.008
2.00672	-0.008
2.00676	-0.0088
2.0068	-0.0096
2.00684	-0.008
2.00688	-0.0064
2.00692	-0.0072
2.00696	-0.0064
2.007	-0.0048
2.00704	-0.0008
2.00708	-0.0024
2.00712	-0.0016
2.00716	-0.0016
2.0072	-0.0016
2.00724	-0.0032
2.00728	-0.0008
2.00732	-0.0008
2.00736	0.0008
2.0074	0.0008
2.00744	0.0024
2.00748	0.004
2.00752	0.0024
2.00756	0.0048
2.0076	0.004
2.00764	0.004
2.00768	0.0056
2.00772	0.004
2.00776	0.0048
2.0078	0.0032
2.00784	0.0024
2.00788	0.0024
2.00792	0.0032
2.00796	0.0024
2.008	0.0048
2.00804	0.0048
2.00808	0.0072
2.00812	0.0064
2.00816	0.0056
2.0082	0.0056
2.00824	0.0072
2.00828	0.0064
2.00832	0.0064
2.00836	0.0064
2.0084	0.0064
2.00844	0.0064
2.00848	0.0064
2.00852	0.0072
2.00856	0.0072
2.0086	0.0072
2.00864	0.0072
2.00868	0.0056
2.00872	0.0056
2.00876	0.0072
2.0088	0.0064
2.00884	0.004
2.00888	0.0064
2.00892	0.0032
2.00896	0.0032
2.009	0.0056
2.00904	0.0032
2.00908	0.0024
2.00912	0.0032
2.00916	0.0024
2.0092	0.0024
2.00924	0.0032
2.00928	0.0016
2.00932	0
2.00936	0.0008
2.0094	-0.0008
2.00944	-0.0024
2.00948	-0.0024
2.00952	-0.0008
2.00956	-0.0016
2.0096	-0.0016
2.00964	-0.0032
2.00968	-0.0016
2.00972	-0.0016
2.00976	-0.0008
2.0098	-0.0016
2.00984	-0.0008
2.00988	-0.0008
2.00992	-0.0008
2.00996	0
2.01	0.0016
2.01004	0.0008
2.01008	0.0024
2.01012	-0.0024
2.01016	0.0024
2.0102	0.0016
2.01024	0.0024
2.01028	0.0008
2.01032	0.0016
2.01036	0.0016
2.0104	0.0032
2.01044	0
2.01048	-0.0008
2.01052	-0.0008
2.01056	-0.0008
2.0106	-0.0024
2.01064	-0.0024
2.01068	-0.0024
2.01072	-0.0048
2.01076	-0.004
2.0108	-0.004
2.01084	-0.004
2.01088	-0.004
2.01092	-0.0048
2.01096	-0.0024
2.011	-0.0048
2.01104	-0.004
2.01108	-0.0048
2.01112	-0.0032
2.01116	-0.0032
2.0112	-0.0032
2.01124	-0.0024
2.01128	-0.0032
2.01132	-0.0016
2.01136	-0.0008
2.0114	-0.0008
2.01144	-0.0008
2.01148	-0.0008
2.01152	0.0008
2.01156	0.0016
2.0116	0.0016
2.01164	0.004
2.01168	0.0024
2.01172	0.0048
2.01176	0.0056
2.0118	0.004
2.01184	0.0064
2.01188	0.0048
2.01192	0.0064
2.01196	0.0056
2.012	0.004
2.01204	0.0048
2.01208	0.004
2.01212	0
2.01216	0.0016
2.0122	0
2.01224	-0.0008
2.01228	-0.0008
2.01232	0.0016
2.01236	0.0024
2.0124	0.0016
2.01244	0.0016
2.01248	0.0016
2.01252	0.0008
2.01256	-0.0008
2.0126	0
2.01264	0
2.01268	0
2.01272	-0.0008
2.01276	-0.0016
2.0128	-0.0008
2.01284	-0.0032
2.01288	-0.0008
2.01292	-0.0008
2.01296	-0.0008
2.013	0.0024
2.01304	0.0032
2.01308	0.0032
2.01312	0.0048
2.01316	0.0064
2.0132	0.0056
2.01324	0.0056
2.01328	0.0056
2.01332	0.004
2.01336	0.004
2.0134	0.0032
2.01344	0.0032
2.01348	0.0024
2.01352	0.0024
2.01356	0.0024
2.0136	0.0032
2.01364	0.0008
2.01368	0.0024
2.01372	0.0032
2.01376	0.0008
2.0138	0.0032
2.01384	0.0048
2.01388	0.0024
2.01392	0.0024
2.01396	0.0016
2.014	0
2.01404	-0.0032
2.01408	-0.0032
2.01412	-0.0056
2.01416	-0.0048
2.0142	-0.0048
2.01424	-0.0064
2.01428	-0.0072
2.01432	-0.008
2.01436	-0.008
2.0144	-0.008
2.01444	-0.0088
2.01448	-0.0088
2.01452	-0.0088
2.01456	-0.0096
2.0146	-0.0112
2.01464	-0.0128
2.01468	-0.0128
2.01472	-0.0128
2.01476	-0.0128
2.0148	-0.0112
2.01484	-0.0096
2.01488	-0.0096
2.01492	-0.0096
2.01496	-0.0056
2.015	-0.008
2.01504	-0.0088
2.01508	-0.0072
2.01512	-0.0056
2.01516	-0.0056
2.0152	-0.0056
2.01524	-0.0048
2.01528	-0.0072
2.01532	-0.0056
2.01536	-0.0064
2.0154	-0.0056
2.01544	-0.0048
2.01548	-0.0056
2.01552	-0.0056
2.01556	-0.0056
2.0156	-0.0056
2.01564	-0.0064
2.01568	-0.0056
2.01572	-0.0056
2.01576	-0.004
2.0158	-0.0048
2.01584	-0.004
2.01588	-0.0024
2.01592	-0.0024
2.01596	-0.0016
2.016	-0.0024
2.01604	0.0016
2.01608	0.0008
2.01612	0.004
2.01616	0.0048
2.0162	0.0064
2.01624	0.0072
2.01628	0.008
2.01632	0.0104
2.01636	0.0096
2.0164	0.0152
2.01644	0.0152
2.01648	0.0168
2.01652	0.0192
2.01656	0.0208
2.0166	0.0224
2.01664	0.0224
2.01668	0.0232
2.01672	0.0248
2.01676	0.0264
2.0168	0.0264
2.01684	0.0272
2.01688	0.024
2.01692	0.0256
2.01696	0.0232
2.017	0.0248
2.01704	0.024
2.01708	0.0224
2.01712	0.0192
2.01716	0.0176
2.0172	0.0184
2.01724	0.016
2.01728	0.0136
2.01732	0.0112
2.01736	0.0104
2.0174	0.0088
2.01744	0.0072
2.01748	0.0056
2.01752	0.0032
2.01756	0.004
2.0176	0.0024
2.01764	0.0024
2.01768	0.0032
2.01772	0.0016
2.01776	0.0024
2.0178	0.0024
2.01784	0.0032
2.01788	0.0024
2.01792	0.0024
2.01796	0.0016
2.018	0.0016
2.01804	0.0024
2.01808	0.0016
2.01812	0.0008
2.01816	0
2.0182	-0.0016
2.01824	-0.0024
2.01828	-0.0016
2.01832	-0.0016
2.01836	-0.0032
2.0184	-0.0032
2.01844	-0.004
2.01848	-0.004
2.01852	-0.0048
2.01856	-0.0048
2.0186	-0.0056
2.01864	-0.0056
2.01868	-0.0064
2.01872	-0.0048
2.01876	-0.0072
2.0188	-0.0056
2.01884	-0.0072
2.01888	-0.0072
2.01892	-0.0088
2.01896	-0.008
2.019	-0.0088
2.01904	-0.0088
2.01908	-0.0096
2.01912	-0.008
2.01916	-0.0072
2.0192	-0.0072
2.01924	-0.0056
2.01928	-0.004
2.01932	-0.0032
2.01936	-0.0008
2.0194	0.0008
2.01944	0.0016
2.01948	0.0016
2.01952	0.0024
2.01956	0.0016
2.0196	0.0032
2.01964	0.0032
2.01968	0.0056
2.01972	0.0072
2.01976	0.0088
2.0198	0.0088
2.01984	0.0112
2.01988	0.012
2.01992	0.0128
2.01996	0.0136
2.02	0.0128
2.02004	0.0136
2.02008	0.016
2.02012	0.012
2.02016	0.0136
2.0202	0.0128
2.02024	0.0104
2.02028	0.0104
2.02032	0.0088
2.02036	0.0112
2.0204	0.012
2.02044	0.0136
2.02048	0.0128
2.02052	0.0136
2.02056	0.016
2.0206	0.016
2.02064	0.0168
2.02068	0.0184
2.02072	0.0176
2.02076	0.0176
2.0208	0.0168
2.02084	0.016
2.02088	0.0144
2.02092	0.0144
2.02096	0.0128
2.021	0.0112
2.02104	0.012
2.02108	0.0104
2.02112	0.0104
2.02116	0.0072
2.0212	0.0088
2.02124	0.0072
2.02128	0.0072
2.02132	0.0048
2.02136	0.004
2.0214	0.0032
2.02144	0
2.02148	0
2.02152	-0.0032
2.02156	-0.0032
2.0216	-0.0048
2.02164	-0.0072
2.02168	-0.0048
2.02172	-0.0064
2.02176	-0.0032
2.0218	-0.0056
2.02184	-0.0064
2.02188	-0.0056
2.02192	-0.0064
2.02196	-0.0056
2.022	-0.0056
2.02204	-0.008
2.02208	-0.0072
2.02212	-0.0072
2.02216	-0.008
2.0222	-0.0072
2.02224	-0.008
2.02228	-0.008
2.02232	-0.0072
2.02236	-0.0072
2.0224	-0.0072
2.02244	-0.0096
2.02248	-0.0096
2.02252	-0.0088
2.02256	-0.0072
2.0226	-0.0088
2.02264	-0.0088
2.02268	-0.0104
2.02272	-0.0096
2.02276	-0.0104
2.0228	-0.0112
2.02284	-0.0136
2.02288	-0.0104
2.02292	-0.012
2.02296	-0.0128
2.023	-0.012
2.02304	-0.012
2.02308	-0.012
2.02312	-0.0128
2.02316	-0.012
2.0232	-0.012
2.02324	-0.0112
2.02328	-0.012
2.02332	-0.0112
2.02336	-0.012
2.0234	-0.0104
2.02344	-0.0104
2.02348	-0.012
2.02352	-0.012
2.02356	-0.0112
2.0236	-0.0096
2.02364	-0.0096
2.02368	-0.008
2.02372	-0.0104
2.02376	-0.008
2.0238	-0.008
2.02384	-0.0072
2.02388	-0.0088
2.02392	-0.008
2.02396	-0.0064
2.024	-0.0048
2.02404	-0.0056
2.02408	-0.008
2.02412	-0.008
2.02416	-0.008
2.0242	-0.0104
2.02424	-0.0104
2.02428	-0.012
2.02432	-0.0096
2.02436	-0.012
2.0244	-0.0112
2.02444	-0.0104
2.02448	-0.0096
2.02452	-0.0088
2.02456	-0.0096
2.0246	-0.0064
2.02464	-0.0056
2.02468	-0.0064
2.02472	-0.0064
2.02476	-0.0056
2.0248	-0.0056
2.02484	-0.0056
2.02488	-0.0048
2.02492	-0.0048
2.02496	-0.004
2.025	-0.0032
2.02504	-0.004
2.02508	-0.004
2.02512	-0.004
2.02516	-0.0024
2.0252	-0.0016
2.02524	0.0008
2.02528	-0.0008
2.02532	0.0016
2.02536	0.0016
2.0254	0.0008
2.02544	0.0032
2.02548	0.0032
2.02552	0.0024
2.02556	0.0048
2.0256	0.0048
2.02564	0.0056
2.02568	0.0056
2.02572	0.0048
2.02576	0.004
2.0258	0.0064
2.02584	0.0048
2.02588	0.0064
2.02592	0.004
2.02596	0.0056
2.026	0.0048
2.02604	0.0048
2.02608	0.0064
2.02612	0.0048
2.02616	0.0048
2.0262	0.0064
2.02624	0.0064
2.02628	0.0056
2.02632	0.0032
2.02636	0.0032
2.0264	0.0016
2.02644	0.0016
2.02648	0.0008
2.02652	0.0032
2.02656	0.0016
2.0266	0.0016
2.02664	0.0032
2.02668	0.004
2.02672	0.0072
2.02676	0.0064
2.0268	0.0072
2.02684	0.0072
2.02688	0.008
2.02692	0.0088
2.02696	0.0064
2.027	0.0064
2.02704	0.0072
2.02708	0.0064
2.02712	0.0072
2.02716	0.0072
2.0272	0.0072
2.02724	0.008
2.02728	0.008
2.02732	0.0072
2.02736	0.0088
2.0274	0.0088
2.02744	0.0104
2.02748	0.0088
2.02752	0.0104
2.02756	0.0088
2.0276	0.0088
2.02764	0.0048
2.02768	0.0064
2.02772	0.0048
2.02776	0.0032
2.0278	0.0032
2.02784	0.0024
2.02788	0.0024
2.02792	0.0008
2.02796	0.0024
2.028	0.0024
2.02804	0.0016
2.02808	0.0016
2.02812	0.0008
2.02816	0
2.0282	-0.0016
2.02824	-0.0016
2.02828	-0.0032
2.02832	-0.004
2.02836	-0.0008
2.0284	-0.0008
2.02844	0
2.02848	0.0032
2.02852	0.0048
2.02856	0.0056
2.0286	0.0056
2.02864	0.0088
2.02868	0.0096
2.02872	0.0088
2.02876	0.0104
2.0288	0.012
2.02884	0.0136
2.02888	0.012
2.02892	0.012
2.02896	0.0112
2.029	0.0128
2.02904	0.0112
2.02908	0.0112
2.02912	0.0112
2.02916	0.0096
2.0292	0.0096
2.02924	0.0072
2.02928	0.008
2.02932	0.0056
2.02936	0.008
2.0294	0.0056
2.02944	0.0048
2.02948	0.0064
2.02952	0.0032
2.02956	0.0048
2.0296	0.0056
2.02964	0.0064
2.02968	0.0064
2.02972	0.0064
2.02976	0.0072
2.0298	0.0088
2.02984	0.0088
2.02988	0.0096
2.02992	0.0104
2.02996	0.0104
2.03	0.0104
2.03004	0.012
2.03008	0.0136
2.03012	0.012
2.03016	0.0152
2.0302	0.0136
2.03024	0.0128
2.03028	0.0144
2.03032	0.0144
2.03036	0.0144
2.0304	0.0136
2.03044	0.0152
2.03048	0.0136
2.03052	0.0112
2.03056	0.0112
2.0306	0.0112
2.03064	0.012
2.03068	0.0112
2.03072	0.0104
2.03076	0.0088
2.0308	0.0096
2.03084	0.0072
2.03088	0.004
2.03092	0.0024
2.03096	0.0024
2.031	-0.0008
2.03104	-0.0024
2.03108	-0.0016
2.03112	-0.0048
2.03116	-0.0048
2.0312	-0.004
2.03124	-0.0064
2.03128	-0.0048
2.03132	-0.004
2.03136	-0.0048
2.0314	-0.0024
2.03144	-0.004
2.03148	-0.0024
2.03152	-0.0008
2.03156	-0.0016
2.0316	-0.0024
2.03164	-0.0008
2.03168	-0.0008
2.03172	-0.0008
2.03176	-0.0024
2.0318	-0.0016
2.03184	-0.004
2.03188	-0.0048
2.03192	-0.0024
2.03196	-0.0024
2.032	-0.004
2.03204	-0.0048
2.03208	-0.0024
2.03212	-0.0032
2.03216	-0.0016
2.0322	-0.0016
2.03224	-0.0016
2.03228	-0.0032
2.03232	-0.0032
2.03236	-0.0032
2.0324	-0.0016
2.03244	-0.0024
2.03248	-0.0016
2.03252	-0.0016
2.03256	-0.0032
2.0326	-0.004
2.03264	-0.0016
2.03268	-0.0032
2.03272	-0.0032
2.03276	-0.0024
2.0328	-0.0016
2.03284	0
2.03288	0
2.03292	0
2.03296	0.0008
2.033	0.0024
2.03304	0.0032
2.03308	0.0016
2.03312	0.0016
2.03316	0.0024
2.0332	0.0016
2.03324	0.0008
2.03328	0
2.03332	0.0008
2.03336	0
2.0334	0.0008
2.03344	-0.0008
2.03348	0.0008
2.03352	0.0016
2.03356	0.0008
2.0336	0.0016
2.03364	-0.0008
2.03368	0.0008
2.03372	0.0008
2.03376	-0.0016
2.0338	-0.0024
2.03384	-0.004
2.03388	-0.0048
2.03392	-0.0072
2.03396	-0.0056
2.034	-0.0056
2.03404	-0.0072
2.03408	-0.0064
2.03412	-0.0064
2.03416	-0.0048
2.0342	-0.0048
2.03424	-0.004
2.03428	-0.0024
2.03432	-0.0024
2.03436	-0.0024
2.0344	-0.004
2.03444	-0.0048
2.03448	-0.0048
2.03452	-0.0048
2.03456	-0.0048
2.0346	-0.0048
2.03464	-0.0048
2.03468	-0.0032
2.03472	-0.004
2.03476	-0.0032
2.0348	-0.0048
2.03484	-0.004
2.03488	-0.0032
2.03492	-0.0032
2.03496	-0.004
2.035	-0.0048
2.03504	-0.0064
2.03508	-0.0064
2.03512	-0.0088
2.03516	-0.0112
2.0352	-0.0096
2.03524	-0.0112
2.03528	-0.0104
2.03532	-0.0112
2.03536	-0.0096
2.0354	-0.0096
2.03544	-0.0096
2.03548	-0.0112
2.03552	-0.0104
2.03556	-0.0088
2.0356	-0.0088
2.03564	-0.0104
2.03568	-0.0104
2.03572	-0.0112
2.03576	-0.0104
2.0358	-0.0104
2.03584	-0.0112
2.03588	-0.0112
2.03592	-0.0104
2.03596	-0.0096
2.036	-0.0104
2.03604	-0.0104
2.03608	-0.0096
2.03612	-0.0088
2.03616	-0.0088
2.0362	-0.0088
2.03624	-0.008
2.03628	-0.008
2.03632	-0.0072
2.03636	-0.0064
2.0364	-0.0072
2.03644	-0.0064
2.03648	-0.008
2.03652	-0.0064
2.03656	-0.0048
2.0366	-0.0056
2.03664	-0.0048
2.03668	-0.0048
2.03672	-0.0024
2.03676	-0.0032
2.0368	-0.0016
2.03684	0
2.03688	0
2.03692	0
2.03696	0.0016
2.037	0.0008
2.03704	0.004
2.03708	0.0016
2.03712	0.0016
2.03716	0.0032
2.0372	0.0016
2.03724	0.004
2.03728	0.0032
2.03732	0.004
2.03736	0.0032
2.0374	0.004
2.03744	0.0056
2.03748	0.008
2.03752	0.0072
2.03756	0.0088
2.0376	0.0096
2.03764	0.008
2.03768	0.0104
2.03772	0.0104
2.03776	0.0096
2.0378	0.008
2.03784	0.0088
2.03788	0.0088
2.03792	0.0088
2.03796	0.0088
2.038	0.0064
2.03804	0.008
2.03808	0.0072
2.03812	0.0072
2.03816	0.0088
2.0382	0.0096
2.03824	0.0088
2.03828	0.0088
2.03832	0.008
2.03836	0.0088
2.0384	0.0072
2.03844	0.0072
2.03848	0.0072
2.03852	0.0088
2.03856	0.0064
2.0386	0.0056
2.03864	0.0056
2.03868	0.0048
2.03872	0.0048
2.03876	0.0072
2.0388	0.0072
2.03884	0.0072
2.03888	0.008
2.03892	0.0064
2.03896	0.0072
2.039	0.0072
2.03904	0.0088
2.03908	0.008
2.03912	0.0096
2.03916	0.0096
2.0392	0.008
2.03924	0.0096
2.03928	0.0088
2.03932	0.008
2.03936	0.0072
2.0394	0.008
2.03944	0.008
2.03948	0.008
2.03952	0.0096
2.03956	0.008
2.0396	0.008
2.03964	0.0096
2.03968	0.008
2.03972	0.0088
2.03976	0.0096
2.0398	0.0096
2.03984	0.0088
2.03988	0.0104
2.03992	0.008
2.03996	0.0072
2.04	0.0072
2.04004	0.0064
2.04008	0.0072
2.04012	0.0056
2.04016	0.0048
2.0402	0.0056
2.04024	0.0064
2.04028	0.0064
2.04032	0.0072
2.04036	0.0072
2.0404	0.0088
2.04044	0.0096
2.04048	0.0112
2.04052	0.0096
2.04056	0.0096
2.0406	0.0088
2.04064	0.0096
2.04068	0.0088
2.04072	0.008
2.04076	0.0096
2.0408	0.0088
2.04084	0.0096
2.04088	0.0088
2.04092	0.0088
2.04096	0.0112
2.041	0.0128
2.04104	0.0112
2.04108	0.0136
2.04112	0.0128
2.04116	0.012
2.0412	0.0104
2.04124	0.0104
2.04128	0.0104
2.04132	0.0072
2.04136	0.008
2.0414	0.0048
2.04144	0.0056
2.04148	0.0048
2.04152	0.004
2.04156	0.004
2.0416	0.0016
2.04164	0
2.04168	0.0008
2.04172	-0.0008
2.04176	-0.0024
2.0418	-0.004
2.04184	-0.0048
2.04188	-0.0072
2.04192	-0.0088
2.04196	-0.0096
2.042	-0.0104
2.04204	-0.0128
2.04208	-0.0128
2.04212	-0.0112
2.04216	-0.012
2.0422	-0.0104
2.04224	-0.0112
2.04228	-0.0096
2.04232	-0.0112
2.04236	-0.0096
2.0424	-0.0096
2.04244	-0.0088
2.04248	-0.0104
2.04252	-0.0128
2.04256	-0.0128
2.0426	-0.0128
2.04264	-0.0144
2.04268	-0.0136
2.04272	-0.0144
2.04276	-0.016
2.0428	-0.0152
2.04284	-0.016
2.04288	-0.016
2.04292	-0.0168
2.04296	-0.0152
2.043	-0.0144
2.04304	-0.0168
2.04308	-0.0168
2.04312	-0.016
2.04316	-0.0144
2.0432	-0.0144
2.04324	-0.0144
2.04328	-0.0128
2.04332	-0.0152
2.04336	-0.0112
2.0434	-0.0112
2.04344	-0.0104
2.04348	-0.008
2.04352	-0.0064
2.04356	-0.0064
2.0436	-0.0048
2.04364	-0.0016
2.04368	-0.0016
2.04372	0.0016
2.04376	0.004
2.0438	0.0064
2.04384	0.0072
2.04388	0.0072
2.04392	0.0088
2.04396	0.0104
2.044	0.0096
2.04404	0.0112
2.04408	0.0136
2.04412	0.0136
2.04416	0.0136
2.0442	0.0136
2.04424	0.0144
2.04428	0.0144
2.04432	0.0152
2.04436	0.0176
2.0444	0.016
2.04444	0.0144
2.04448	0.0136
2.04452	0.0144
2.04456	0.0136
2.0446	0.0112
2.04464	0.0096
2.04468	0.0096
2.04472	0.0072
2.04476	0.008
2.0448	0.0064
2.04484	0.0072
2.04488	0.0064
2.04492	0.0064
2.04496	0.0088
2.045	0.0088
2.04504	0.0088
2.04508	0.0096
2.04512	0.0088
2.04516	0.0112
2.0452	0.0104
2.04524	0.012
2.04528	0.0104
2.04532	0.012
2.04536	0.0104
2.0454	0.0112
2.04544	0.0096
2.04548	0.0088
2.04552	0.0072
2.04556	0.0064
2.0456	0.0064
2.04564	0.0056
2.04568	0.0032
2.04572	0.0048
2.04576	0.004
2.0458	0.0024
2.04584	0.0024
2.04588	0.0008
2.04592	0.0016
2.04596	-0.0008
2.046	0
2.04604	-0.0008
2.04608	-0.0024
2.04612	-0.0024
2.04616	-0.004
2.0462	-0.004
2.04624	-0.0048
2.04628	-0.0048
2.04632	-0.0048
2.04636	-0.0048
2.0464	-0.004
2.04644	-0.0032
2.04648	-0.0032
2.04652	-0.0024
2.04656	-0.0032
2.0466	-0.0008
2.04664	-0.0008
2.04668	0.0016
2.04672	0.0008
2.04676	0
2.0468	0.0024
2.04684	0.0008
2.04688	0.0016
2.04692	0.0016
2.04696	0.0016
2.047	0.0024
2.04704	0.0032
2.04708	0.0032
2.04712	0.0032
2.04716	0.0024
2.0472	0.004
2.04724	0.004
2.04728	0.0024
2.04732	0.0016
2.04736	0.0016
2.0474	0
2.04744	0.0016
2.04748	-0.0024
2.04752	-0.0016
2.04756	-0.004
2.0476	-0.0048
2.04764	-0.0032
2.04768	-0.0056
2.04772	-0.0048
2.04776	-0.0048
2.0478	-0.0056
2.04784	-0.004
2.04788	-0.0016
2.04792	-0.0024
2.04796	-0.0016
2.048	-0.0016
2.04804	-0.0016
2.04808	-0.0024
2.04812	-0.0016
2.04816	-0.0032
2.0482	-0.0016
2.04824	-0.0016
2.04828	-0.0016
2.04832	-0.004
2.04836	-0.0016
2.0484	-0.0024
2.04844	-0.0016
2.04848	-0.0016
2.04852	-0.0016
2.04856	-0.0016
2.0486	-0.0032
2.04864	-0.0016
2.04868	-0.0016
2.04872	-0.004
2.04876	-0.004
2.0488	-0.004
2.04884	-0.0056
2.04888	-0.0048
2.04892	-0.0048
2.04896	-0.0048
2.049	-0.004
2.04904	-0.0024
2.04908	-0.0032
2.04912	-0.0016
2.04916	-0.0024
2.0492	-0.0024
2.04924	-0.0016
2.04928	-0.0008
2.04932	-0.0024
2.04936	-0.0024
2.0494	-0.0032
2.04944	-0.0024
2.04948	-0.0032
2.04952	-0.0048
2.04956	-0.004
2.0496	-0.0024
2.04964	-0.0024
2.04968	-0.0032
2.04972	-0.0032
2.04976	-0.0032
2.0498	-0.0024
2.04984	-0.0032
2.04988	-0.0024
2.04992	-0.004
2.04996	-0.004