-0.5	0.048
-0.498	0.0144
-0.496	0.0288
-0.494	0.0128
-0.492	-0.1008
-0.49	0.0424
-0.488	0.0528
-0.486	0.0144
-0.484	0.012
-0.482	0.0232
-0.48	-0.1008
-0.478	0.0144
-0.476	0.0368
-0.474	0.0024
-0.472	-0.0032
-0.47	0.0272
-0.468	-0.0872
-0.466	0.0008
-0.464	0.0064
-0.462	-0.0184
-0.46	-0.0168
-0.458	0.0232
-0.456	-0.0608
-0.454	0.012
-0.452	-0.0152
-0.45	-0.036
-0.448	-0.0272
-0.446	0.0232
-0.444	-0.0432
-0.442	0.0424
-0.44	-0.0168
-0.438	-0.0424
-0.436	-0.0288
-0.434	0.0304
-0.432	-0.0336
-0.43	0.0704
-0.428	0
-0.426	-0.032
-0.424	-0.0296
-0.422	0.0416
-0.42	-0.0272
-0.418	0.0728
-0.416	0.032
-0.414	-0.0072
-0.412	-0.0232
-0.41	0.052
-0.408	-0.0192
-0.406	0.0272
-0.404	0.06
-0.402	0.0232
-0.4	-0.0144
-0.398	0.0528
-0.396	-0.0056
-0.394	-0.048
-0.392	0.072
-0.39	0.0464
-0.388	-0.0064
-0.386	0.0392
-0.384	0.0144
-0.382	-0.1008
-0.38	0.0632
-0.378	0.056
-0.376	0.0008
-0.374	0.0104
-0.372	0.0304
-0.37	-0.1008
-0.368	0.0384
-0.366	0.0448
-0.364	0
-0.362	-0.0216
-0.36	0.0408
-0.358	-0.1008
-0.356	0.012
-0.354	0.0232
-0.352	-0.008
-0.35	-0.0472
-0.348	0.0464
-0.346	-0.0664
-0.344	0
-0.342	0.0016
-0.34	-0.0168
-0.338	-0.056
-0.336	0.0416
-0.334	-0.0248
-0.332	0.0072
-0.33	-0.0088
-0.328	-0.0216
-0.326	-0.0488
-0.324	0.0384
-0.322	0.004
-0.32	0.0232
-0.318	-0.0024
-0.316	-0.0176
-0.314	-0.0336
-0.312	0.036
-0.31	0.0128
-0.308	0.028
-0.306	0.0184
-0.304	-0.0016
-0.302	-0.0192
-0.3	0.0392
-0.298	0.0096
-0.296	0.0016
-0.294	0.0448
-0.292	0.024
-0.29	-0.0112
-0.288	0.0384
-0.286	0.004
-0.284	-0.048
-0.282	0.0616
-0.28	0.0488
-0.278	-0.008
-0.276	0.0272
-0.274	0.0072
-0.272	-0.0928
-0.27	0.064
-0.268	0.0592
-0.266	-0.0072
-0.264	0.004
-0.262	0.0224
-0.26	-0.1008
-0.258	0.0464
-0.256	0.0552
-0.254	-0.0072
-0.252	-0.0272
-0.25	0.044
-0.248	-0.0984
-0.246	0.0152
-0.244	0.0336
-0.242	-0.0056
-0.24	-0.0552
-0.238	0.0616
-0.236	-0.0624
-0.234	-0.012
-0.232	0.0072
-0.23	-0.0016
-0.228	-0.0664
-0.226	0.0664
-0.224	-0.02
-0.222	-0.0248
-0.22	-0.0104
-0.218	0.004
-0.216	-0.0616
-0.214	0.0568
-0.212	0.016
-0.21	-0.0224
-0.208	-0.0104
-0.206	0.0112
-0.204	-0.044
-0.202	0.0328
-0.2	0.0368
-0.198	-0.0168
-0.196	0.0072
-0.194	0.0208
-0.192	-0.024
-0.19	0.0096
-0.188	0.036
-0.186	-0.0232
-0.184	0.0344
-0.182	0.032
-0.18	-0.0072
-0.178	-0.004
-0.176	0.0248
-0.174	-0.044
-0.172	0.0536
-0.17	0.044
-0.168	0.0016
-0.166	-0.0096
-0.164	0.016
-0.162	-0.068
-0.16	0.0568
-0.158	0.0512
-0.156	0.0032
-0.154	-0.0168
-0.152	0.0184
-0.15	-0.0824
-0.148	0.0392
-0.146	0.0504
-0.144	0.0032
-0.142	-0.0272
-0.14	0.0344
-0.138	-0.076
-0.136	0.0032
-0.134	0.0376
-0.132	0.0048
-0.13	-0.044
-0.128	0.0536
-0.126	-0.0496
-0.124	-0.0272
-0.122	0.016
-0.12	0.0104
-0.118	-0.0592
-0.116	0.0648
-0.114	-0.012
-0.112	-0.044
-0.11	-0.0016
-0.108	0.02
-0.106	-0.0656
-0.104	0.0568
-0.102	0.0296
-0.1	-0.0432
-0.098	-0.012
-0.096	0.032
-0.094	-0.0552
-0.092	0.0296
-0.09	0.056
-0.088	-0.036
-0.086	-0.004
-0.084	0.04
-0.082	-0.0328
-0.08	-0.0088
-0.078	0.064
-0.076	-0.0344
-0.074	0.0152
-0.072	0.0448
-0.07	-0.0064
-0.068	-0.0368
-0.066	0.052
-0.064	-0.0424
-0.062	0.036
-0.06	0.0464
-0.058	0.0136
-0.056	-0.048
-0.054	0.0288
-0.052	-0.0544
-0.05	0.0432
-0.048	0.044
-0.046	0.0232
-0.044	-0.0456
-0.042	0.0136
-0.04	-0.0592
-0.038	0.0296
-0.036	0.036
-0.034	0.024
-0.032	-0.0384
-0.03	0.016
-0.028	-0.0496
-0.026	-0.004
-0.024	0.0224
-0.022	0.0168
-0.02	-0.0368
-0.018	0.0296
-0.016	-0.0264
-0.014	-0.0376
-0.012	0.0064
-0.01	0.0152
-0.008	-0.04
-0.006	0.0448
-0.004	0.0088
-0.002	-0.056
0	-0.0064
0.002	0.0264
0.004	-0.0424
0.006	0.0432
0.008	0.0456
0.01	-0.0544
0.012	-0.0128
0.014	0.0408
0.016	-0.0384
0.018	0.0176
0.02	0.072
0.022	-0.0424
0.024	-0.0056
0.026	0.0544
0.028	-0.024
0.03	-0.0248
0.032	0.0784
0.034	-0.032
0.036	0.0088
0.038	0.0584
0.04	-0.0008
0.042	-0.06
0.044	0.0632
0.046	-0.0296
0.048	0.0208
0.05	0.0496
0.052	0.0208
0.054	-0.0712
0.056	0.0352
0.058	-0.0344
0.06	0.0208
0.062	0.0312
0.064	0.0344
0.066	-0.0624
0.068	0.0072
0.07	-0.0376
0.072	0.0056
0.074	0.008
0.076	0.0384
0.078	-0.0432
0.08	-0.0048
0.082	-0.0288
0.084	-0.0216
0.086	-0.008
0.088	0.0344
0.09	-0.0248
0.092	0
0.094	-0.0064
0.096	-0.0464
0.098	-0.012
0.1	0.0312
0.102	-0.0168
0.104	0.0112
0.106	0.0288
0.108	-0.0552
0.11	-0.0096
0.112	0.0344
0.114	-0.0152
0.116	0.0128
0.118	0.064
0.12	-0.0496
0.122	-0.0032
0.124	0.044
0.126	-0.0136
0.128	-0.0048
0.13	0.088
0.132	-0.036
0.134	0.0024
0.136	0.052
0.138	-0.0056
0.14	-0.0368
0.142	0.0888
0.144	-0.024
0.146	0.0056
0.148	0.0528
0.15	0.0096
0.152	-0.0648
0.154	0.0624
0.156	-0.0176
0.158	0.004
0.16	0.0408
0.162	0.028
0.164	-0.0744
0.166	0.0184
0.168	-0.0168
0.17	-0.0008
0.172	0.0152
0.174	0.0456
0.176	-0.0648
0.178	-0.0184
0.18	-0.0152
0.182	-0.0104
0.184	-0.0128
0.186	0.052
0.188	-0.0416
0.19	-0.0336
0.192	-0.0056
0.194	-0.0256
0.196	-0.0272
0.198	0.0456
0.2	-0.0144
0.202	-0.0256
0.204	0.0168
0.206	-0.0376
0.208	-0.0272
0.21	0.0376
0.212	0.0056
0.214	-0.0112
0.216	0.0456
0.218	-0.0456
0.22	-0.0176
0.222	0.0312
0.224	0.0152
0.226	-0.0072
0.228	0.0728
0.23	-0.0432
0.232	-0.0032
0.234	0.0312
0.236	0.0136
0.238	-0.02
0.24	0.0856
0.242	-0.0312
0.244	0.0048
0.246	0.036
0.248	0.0152
0.25	-0.0448
0.252	0.076
0.254	-0.0176
0.256	0.0056
0.258	0.036
0.26	0.0224
0.262	-0.0656
0.264	0.0392
0.266	-0.0024
0.268	0.0008
0.27	0.0224
0.272	0.0376
0.274	-0.0688
0.276	-0.0088
0.278	0.0072
0.28	-0.0112
0.282	-0.004
0.284	0.052
0.286	-0.0528
0.288	-0.044
0.29	0.0136
0.292	-0.02
0.294	-0.0288
0.296	0.06
0.298	-0.024
0.3	-0.052
0.302	0.0216
0.304	-0.0272
0.306	-0.0416
0.308	0.0544
0.31	0.008
0.312	-0.0408
0.314	0.0304
0.316	-0.0328
0.318	-0.0344
0.32	0.0384
0.322	0.0296
0.324	-0.0256
0.326	0.0464
0.328	-0.0328
0.33	-0.0168
0.332	0.0192
0.334	0.0376
0.336	-0.02
0.338	0.0616
0.34	-0.028
0.342	0.0032
0.344	0.008
0.346	0.036
0.348	-0.0288
0.35	0.0648
0.352	-0.0168
0.354	0.012
0.356	0.0048
0.358	0.032
0.36	-0.0448
0.362	0.0424
0.364	-0.004
0.366	0.008
0.368	0.0064
0.37	0.0336
0.372	-0.056
0.374	0.0016
0.376	0.0096
0.378	-0.0048
0.38	0
0.382	0.044
0.384	-0.0536
0.386	-0.04
0.388	0.0208
0.39	-0.0184
0.392	-0.0104
0.394	0.0528
0.396	-0.0344
0.398	-0.0624
0.4	0.0312
0.402	-0.0264
0.404	-0.0264
0.406	0.0568
0.408	-0.0032
0.41	-0.0576
0.412	0.0368
0.414	-0.0272
0.416	-0.0344
0.418	0.0472
0.42	0.0288
0.422	-0.04
0.424	0.0416
0.426	-0.0232
0.428	-0.0288
0.43	0.0248
0.432	0.052
0.434	-0.0216
0.436	0.044
0.438	-0.0152
0.44	-0.0128
0.442	-0.0016
0.444	0.06
0.446	-0.0152
0.448	0.0392
0.45	-0.0064
0.452	0.0064
0.454	-0.0192
0.456	0.0536
0.458	-0.024
0.46	0.0224
0.462	-0.0008
0.464	0.0152
0.466	-0.0248
0.468	0.0424
0.47	-0.04
0.472	-0.0056
0.474	0.0072
0.476	0.0112
0.478	-0.0192
0.48	0.0344
0.482	-0.0488
0.484	-0.0352
0.486	0.0192
0.488	-0.004
0.49	-0.0144
0.492	0.0352
0.494	-0.04
0.496	-0.0536
0.498	0.0304
0.5	-0.024
0.502	-0.0136
0.504	0.04
0.506	-0.0136
0.508	-0.0584
0.51	0.0384
0.512	-0.0328
0.514	-0.0152
0.516	0.0408
0.518	0.0232
0.52	-0.0464
0.522	0.0416
0.524	-0.028
0.526	-0.0176
0.528	0.0304
0.53	0.056
0.532	-0.0272
0.534	0.036
0.536	-0.0144
0.538	-0.0128
0.54	0.0056
0.542	0.0744
0.544	-0.0128
0.546	0.0224
0.548	0.0024
0.55	-0.0016
0.552	-0.0224
0.554	0.072
0.556	-0.0088
0.558	0.0024
0.56	0.0128
0.562	0.008
0.564	-0.04
0.566	0.0544
0.568	-0.0152
0.57	-0.02
0.572	0.0184
0.574	0.0136
0.576	-0.0408
0.578	0.0344
0.58	-0.0272
0.582	-0.0392
0.584	0.0192
0.586	0.008
0.588	-0.0288
0.59	0.024
0.592	-0.0312
0.594	-0.0488
0.596	0.0216
0.598	-0.0088
0.6	-0.0136
0.602	0.024
0.604	-0.0168
0.606	-0.0504
0.608	0.028
0.61	-0.024
0.612	-0.004
0.614	0.0248
0.616	0.0096
0.618	-0.0448
0.62	0.032
0.622	-0.0296
0.624	0
0.626	0.0192
0.628	0.0432
0.63	-0.0328
0.632	0.0304
0.634	-0.024
0.636	-0.0008
0.638	0.0016
0.64	0.0728
0.642	-0.0184
0.644	0.0168
0.646	-0.0088
0.648	-0.0016
0.65	-0.0232
0.652	0.0824
0.654	-0.0048
0.656	-0.0048
0.658	0.0104
0.66	0.0024
0.662	-0.0424
0.664	0.0704
0.666	0.0016
0.668	-0.0304
0.67	0.0256
0.672	0.008
0.674	-0.0456
0.676	0.044
0.678	-0.0008
0.68	-0.0472
0.682	0.0312
0.684	0.0104
0.686	-0.0328
0.688	0.0168
0.69	-0.0056
0.692	-0.0512
0.694	0.0288
0.696	0.0056
0.698	-0.016
0.7	0.0016
0.702	-0.0048
0.704	-0.0464
0.706	0.024
0.708	-0.0072
0.71	-0.0016
0.712	0.0008
0.714	0.0064
0.716	-0.036
0.718	0.0184
0.72	-0.024
0.722	0.0072
0.724	0.0056
0.726	0.032
0.728	-0.0256
0.73	0.0144
0.732	-0.0296
0.734	0.0088
0.736	0.0008
0.738	0.06
0.74	-0.0152
0.742	0.0064
0.744	-0.0224
0.746	0.0072
0.748	-0.0128
0.75	0.0768
0.752	-0.0072
0.754	-0.0072
0.756	-0.0024
0.758	0.0056
0.76	-0.0328
0.762	0.0768
0.764	0.0016
0.766	-0.0272
0.768	0.0192
0.77	0.0072
0.772	-0.044
0.774	0.052
0.776	0.0072
0.778	-0.0448
0.78	0.0344
0.782	0.008
0.784	-0.0416
0.786	0.0152
0.788	0.012
0.79	-0.0536
0.792	0.0368
0.794	0.0048
0.796	-0.0232
0.798	-0.0128
0.8	0.016
0.802	-0.0504
0.804	0.028
0.806	-0.0008
0.808	0
0.81	-0.024
0.812	0.0224
0.814	-0.0376
0.816	0.0128
0.818	-0.0104
0.82	0.0168
0.822	-0.0168
0.824	0.0352
0.826	-0.0216
0.828	0.0008
0.83	-0.02
0.832	0.024
0.834	-0.0072
0.836	0.0496
0.838	-0.0064
0.84	-0.0072
0.842	-0.0216
0.844	0.0192
0.846	-0.008
0.848	0.0624
0.85	0.0032
0.852	-0.0128
0.854	-0.0144
0.856	0.0104
0.858	-0.0168
0.86	0.0648
0.862	0.0072
0.864	-0.0208
0.866	0.0024
0.868	0.0008
0.87	-0.0312
0.872	0.0488
0.874	0.0096
0.876	-0.0336
0.878	0.0192
0.88	0
0.882	-0.0352
0.884	0.016
0.886	0.0136
0.888	-0.044
0.89	0.0304
0.892	0
0.894	-0.0272
0.896	-0.0176
0.898	0.0208
0.9	-0.048
0.902	0.028
0.904	0
0.906	-0.008
0.908	-0.0376
0.91	0.0312
0.912	-0.04
0.914	0.016
0.916	-0.0032
0.918	0.016
0.92	-0.0376
0.922	0.044
0.924	-0.024
0.926	0
0.928	-0.0104
0.93	0.0312
0.932	-0.0216
0.934	0.0536
0.936	-0.0024
0.938	-0.0136
0.94	-0.0152
0.942	0.0336
0.944	-0.0096
0.946	0.06
0.948	0.0112
0.95	-0.0216
0.952	-0.0152
0.954	0.0232
0.956	-0.0048
0.958	0.0552
0.96	0.0192
0.962	-0.024
0.964	-0.008
0.966	0.0056
0.968	-0.0112
0.97	0.036
0.972	0.0168
0.974	-0.0256
0.976	0.0072
0.978	-0.0088
0.98	-0.0208
0.982	0.0072
0.984	0.016
0.986	-0.028
0.988	0.02
0.99	-0.012
0.992	-0.0224
0.994	-0.0224
0.996	0.0192
0.998	-0.0312
1	0.0232
1.002	-0.0096
1.004	-0.0104
1.006	-0.0416
1.008	0.0312
1.01	-0.0304
1.012	0.0136
1.014	-0.0032
1.016	0.0088
1.018	-0.0432
1.02	0.0448
1.022	-0.0216
1.024	-0.0008
1.026	-0.0024
1.028	0.0304
1.03	-0.0304
1.032	0.0544
1.034	-0.0072
1.036	-0.0176
1.038	-0.0064
1.04	0.0384
1.042	-0.0144
1.044	0.0568
1.046	0.0088
1.048	-0.028
1.05	-0.0104
1.052	0.0304
1.054	-0.0024
1.056	0.0464
1.058	0.0232
1.06	-0.0288
1.062	-0.0088
1.064	0.0104
1.066	0.0016
1.068	0.0256
1.07	0.0272
1.072	-0.0248
1.074	-0.0008
1.076	-0.0128
1.078	-0.0032
1.08	0
1.082	0.0256
1.084	-0.02
1.086	0.0088
1.088	-0.0224
1.09	-0.008
1.092	-0.0256
1.094	0.0232
1.096	-0.0168
1.098	0.016
1.1	-0.02
1.102	-0.0048
1.104	-0.04
1.106	0.0264
1.108	-0.016
1.11	0.0136
1.112	-0.0104
1.114	0.0048
1.116	-0.0424
1.118	0.0352
1.12	-0.0128
1.122	0
1.124	0
1.126	0.0208
1.128	-0.0344
1.13	0.0456
1.132	-0.004
1.134	-0.0168
1.136	0.0008
1.138	0.0336
1.14	-0.0192
1.142	0.052
1.144	0.0088
1.146	-0.0336
1.148	-0.0032
1.15	0.0328
1.152	-0.004
1.154	0.0432
1.156	0.0224
1.158	-0.036
1.16	-0.0072
1.162	0.0152
1.164	0.0048
1.166	0.0216
1.168	0.0288
1.17	-0.0296
1.172	-0.0064
1.174	-0.0088
1.176	0.008
1.178	-0.008
1.18	0.0296
1.182	-0.0184
1.184	0.0008
1.186	-0.0288
1.188	0.0072
1.19	-0.0344
1.192	0.0264
1.194	-0.0088
1.196	0.0088
1.198	-0.0336
1.2	0.0064
1.202	-0.0424
1.204	0.0248
1.206	-0.0008
1.208	0.0112
1.21	-0.0224
1.212	0.0072
1.214	-0.0376
1.216	0.0272
1.218	0.0024
1.22	0.004
1.222	-0.0056
1.224	0.016
1.226	-0.0256
1.228	0.0344
1.23	0.0056
1.232	-0.0128
1.234	0.0064
1.236	0.0256
1.238	-0.0128
1.24	0.0392
1.242	0.0128
1.244	-0.0296
1.246	0.0088
1.248	0.028
1.25	-0.0032
1.252	0.0352
1.254	0.0192
1.256	-0.0416
1.258	0.0032
1.26	0.0152
1.262	0.0032
1.264	0.0168
1.266	0.0272
1.268	-0.0376
1.27	-0.0024
1.272	-0.0056
1.274	0.0072
1.276	-0.0104
1.278	0.0312
1.28	-0.0248
1.282	-0.004
1.284	-0.0288
1.286	0.0088
1.288	-0.0336
1.29	0.032
1.292	-0.0088
1.294	-0.0016
1.296	-0.0384
1.298	0.0112
1.3	-0.0448
1.302	0.028
1.304	0.0072
1.306	0.0056
1.308	-0.0336
1.31	0.0152
1.312	-0.0392
1.314	0.0232
1.316	0.0144
1.318	0.0048
1.32	-0.016
1.322	0.0168
1.324	-0.0224
1.326	0.0224
1.328	0.0184
1.33	-0.0048
1.332	0.0024
1.334	0.0176
1.336	-0.0056
1.338	0.0256
1.34	0.0192
1.342	-0.0216
1.344	0.0128
1.346	0.0168
1.348	0.0072
1.35	0.0216
1.352	0.0216
1.354	-0.0368
1.356	0.0144
1.358	0.0072
1.36	0.0128
1.362	0.0104
1.364	0.0264
1.366	-0.0416
1.368	0.0056
1.37	-0.008
1.372	0.0112
1.374	-0.0096
1.376	0.0312
1.378	-0.0296
1.38	-0.0032
1.382	-0.024
1.384	0.0088
1.386	-0.0304
1.388	0.032
1.39	-0.0112
1.392	-0.0048
1.394	-0.0336
1.396	0.008
1.398	-0.0416
1.4	0.0312
1.402	0.0088
1.404	-0.0024
1.406	-0.0336
1.408	0.0104
1.41	-0.0376
1.412	0.0256
1.414	0.0216
1.416	0.0008
1.418	-0.0216
1.42	0.0152
1.422	-0.0224
1.424	0.0192
1.426	0.0248
1.428	-0.0024
1.43	-0.0048
1.432	0.0152
1.434	-0.0048
1.436	0.0128
1.438	0.0232
1.44	-0.0128
1.442	0.0096
1.444	0.0112
1.446	0.0112
1.448	0.0064
1.45	0.0216
1.452	-0.0272
1.454	0.0152
1.456	0.0016
1.458	0.0216
1.46	-0.0048
1.462	0.024
1.464	-0.0352
1.466	0.012
1.468	-0.0128
1.47	0.02
1.472	-0.0168
1.474	0.0312
1.476	-0.0296
1.478	0.0016
1.48	-0.0224
1.482	0.0136
1.484	-0.028
1.486	0.036
1.488	-0.012
1.49	-0.0064
1.492	-0.0296
1.494	0.0072
1.496	-0.0336
1.498	0.0368
1.5	0.0088
1.502	-0.0088
1.504	-0.028
1.506	0.004
1.508	-0.0312
1.51	0.0304
1.512	0.0256
1.514	-0.0056
1.516	-0.0192
1.518	0.0088
1.52	-0.0192
1.522	0.0176
1.524	0.0304
1.526	-0.0024
1.528	-0.0056
1.53	0.0104
1.532	-0.0032
1.534	0.004
1.536	0.0264
1.538	-0.0056
1.54	0.0048
1.542	0.0056
1.544	0.0128
1.546	-0.0064
1.548	0.0192
1.55	-0.0136
1.552	0.0104
1.554	-0.0032
1.556	0.024
1.558	-0.0136
1.56	0.0176
1.562	-0.024
1.564	0.0088
1.566	-0.0152
1.568	0.028
1.57	-0.02
1.572	0.0232
1.574	-0.0256
1.576	0.0016
1.578	-0.024
1.58	0.0176
1.582	-0.028
1.584	0.0312
1.586	-0.0144
1.588	-0.0072
1.59	-0.0256
1.592	0.008
1.594	-0.0312
1.596	0.0376
1.598	0.0056
1.6	-0.0128
1.602	-0.0208
1.604	0.0024
1.606	-0.0272
1.608	0.0352
1.61	0.0248
1.612	-0.0112
1.614	-0.0128
1.616	0.0016
1.618	-0.0184
1.62	0.0232
1.622	0.0368
1.624	-0.008
1.626	-0.0008
1.628	0.004
1.63	-0.0016
1.632	0.004
1.634	0.0336
1.636	-0.0024
1.638	0.0048
1.64	0.0032
1.642	0.0168
1.644	-0.0128
1.646	0.024
1.648	-0.004
1.65	0.008
1.652	-0.0048
1.654	0.0288
1.656	-0.0232
1.658	0.0144
1.66	-0.0104
1.662	0.004
1.664	-0.0152
1.666	0.0304
1.668	-0.0288
1.67	0.0112
1.672	-0.012
1.674	-0.0024
1.676	-0.0256
1.678	0.0208
1.68	-0.028
1.682	0.02
1.684	-0.0064
1.686	-0.0088
1.688	-0.0272
1.69	0.0088
1.692	-0.0248
1.694	0.0312
1.696	0.0064
1.698	-0.0144
1.7	-0.0208
1.702	-0.0024
1.704	-0.0216
1.706	0.0336
1.708	0.0216
1.71	-0.016
1.712	-0.0088
1.714	-0.0056
1.716	-0.0136
1.718	0.024
1.72	0.032
1.722	-0.0128
1.724	0.004
1.726	-0.0048
1.728	-0.0016
1.73	0.0056
1.732	0.0368
1.734	-0.0064
1.736	0.0104
1.738	-0.004
1.74	0.0128
1.742	-0.016
1.744	0.0288
1.746	-0.0008
1.748	0.0104
1.75	-0.0064
1.752	0.0248
1.754	-0.0288
1.756	0.0184
1.758	0.0016
1.76	0.0024
1.762	-0.0128
1.764	0.0312
1.766	-0.0312
1.768	0.0104
1.77	0.0016
1.772	-0.0056
1.774	-0.02
1.776	0.0272
1.778	-0.0256
1.78	0.0104
1.782	0.0056
1.784	-0.0136
1.786	-0.024
1.788	0.0128
1.79	-0.0192
1.792	0.0184
1.794	0.0112
1.796	-0.0168
1.798	-0.02
1.8	-0.0008
1.802	-0.0128
1.804	0.0232
1.806	0.0216
1.808	-0.0168
1.81	-0.0104
1.812	-0.0104
1.814	-0.0064
1.816	0.0192
1.818	0.032
1.82	-0.0128
1.822	0.0016
1.824	-0.0144
1.826	0.0008
1.828	0.0048
1.83	0.036
1.832	-0.008
1.834	0.0104
1.836	-0.0104
1.838	0.0112
1.84	-0.0168
1.842	0.0328
1.844	-0.0032
1.846	0.0128
1.848	-0.0104
1.85	0.0224
1.852	-0.0304
1.854	0.0208
1.856	0.0016
1.858	0.0072
1.86	-0.012
1.862	0.0288
1.864	-0.0336
1.866	0.0096
1.868	0.008
1.87	-0.0048
1.872	-0.0168
1.874	0.0256
1.876	-0.0256
1.878	0.0048
1.88	0.0128
1.882	-0.0136
1.884	-0.0216
1.886	0.0144
1.888	-0.0136
1.89	0.0072
1.892	0.0192
1.894	-0.0184
1.896	-0.0192
1.898	-0.0016
1.9	-0.0024
1.902	0.0104
1.904	0.0272
1.906	-0.0168
1.908	-0.0112
1.91	-0.0128
1.912	0.0048
1.914	0.0096
1.916	0.032
1.918	-0.012
1.92	0.0008
1.922	-0.0168
1.924	0.0088
1.926	0.0008
1.928	0.036
1.93	-0.0048
1.932	0.0088
1.934	-0.0136
1.936	0.0128
1.938	-0.0168
1.94	0.0344
1.942	-0.0008
1.944	0.0112
1.946	-0.0112
1.948	0.016
1.95	-0.032
1.952	0.0256
1.954	0.0032
1.956	0.008
1.958	-0.0112
1.96	0.0208
1.962	-0.0376
1.964	0.0144
1.966	0.0064
1.968	-0.004
1.97	-0.016
1.972	0.0216
1.974	-0.0288
1.976	0.0024
1.978	0.0136
1.98	-0.0128
1.982	-0.02
1.984	0.0128
1.986	-0.012
1.988	-0.0024
1.99	0.0216
1.992	-0.0152
1.994	-0.02
1.996	0.0008
1.998	0.0064
2	-0.0032
2.002	0.0288
2.004	-0.012
2.006	-0.0128
2.008	-0.0136
2.01	0.0176
2.012	-0.0032
2.014	0.036
2.016	-0.0048
2.018	-0.0024
2.02	-0.02
2.022	0.0232
2.024	-0.0064
2.026	0.0384
2.028	0.0016
2.03	0.0072
2.032	-0.0192
2.034	0.02
2.036	-0.0168
2.038	0.0344
2.04	0.0072
2.042	0.012
2.044	-0.0144
2.046	0.016
2.048	-0.028
2.05	0.0248
2.052	0.0064
2.054	0.008
2.056	-0.0088
2.058	0.0136
2.06	-0.0344
2.062	0.0128
2.064	0.0072
2.066	-0.0008
2.068	-0.0096
2.07	0.012
2.072	-0.0304
2.074	0.0016
2.076	0.0104
2.078	-0.0088
2.08	-0.0136
2.082	0.0064
2.084	-0.016
2.086	-0.0056
2.088	0.0184
2.09	-0.0128
2.092	-0.0168
2.094	-0.0016
2.096	0.0064
2.098	-0.0096
2.1	0.0264
2.102	-0.0088
2.104	-0.016
2.106	-0.0128
2.108	0.0248
2.11	-0.012
2.112	0.0328
2.114	0
2.116	-0.0088
2.118	-0.0216
2.12	0.0336
2.122	-0.016
2.124	0.0352
2.126	0.0064
2.128	0.0008
2.13	-0.0232
2.132	0.0312
2.134	-0.0208
2.136	0.0288
2.138	0.012
2.14	0.0088
2.142	-0.02
2.144	0.0208
2.146	-0.0264
2.148	0.02
2.15	0.012
2.152	0.0096
2.154	-0.0128
2.156	0.0104
2.158	-0.0296
2.16	0.0088
2.162	0.012
2.164	0.004
2.166	-0.008
2.168	0.0024
2.17	-0.024
2.172	-0.0008
2.174	0.0144
2.176	-0.004
2.178	-0.008
2.18	-0.0016
2.182	-0.0104
2.184	-0.0072
2.186	0.016
2.188	-0.0072
2.19	-0.0104
2.192	-0.0072
2.194	0.0072
2.196	-0.0112
2.198	0.0216
2.2	-0.0072
2.202	-0.0128
2.204	-0.0136
2.206	0.0248
2.208	-0.0144
2.21	0.028
2.212	0.0024
2.214	-0.0112
2.216	-0.0216
2.218	0.036
2.22	-0.0168
2.222	0.0288
2.224	0.0104
2.226	-0.0048
2.228	-0.0264
2.23	0.036
2.232	-0.0216
2.234	0.0256
2.236	0.016
2.238	0.0032
2.24	-0.024
2.242	0.0248
2.244	-0.0248
2.246	0.0144
2.248	0.0184
2.25	0.008
2.252	-0.0176
2.254	0.0096
2.256	-0.0256
2.258	0.0024
2.26	0.0168
2.262	0.0072
2.264	-0.0096
2.266	-0.004
2.268	-0.0192
2.27	-0.0072
2.272	0.016
2.274	0.0016
2.276	-0.0048
2.278	-0.0112
2.28	-0.0064
2.282	-0.0128
2.284	0.0184
2.286	-0.0032
2.288	-0.0048
2.29	-0.0136
2.292	0.0104
2.294	-0.0128
2.296	0.02
2.298	-0.004
2.3	-0.008
2.302	-0.0144
2.304	0.0272
2.306	-0.0128
2.308	0.024
2.31	0.0032
2.312	-0.0072
2.314	-0.0192
2.316	0.0384
2.318	-0.0128
2.32	0.0232
2.322	0.0136
2.324	-0.0024
2.326	-0.0224
2.328	0.036
2.33	-0.016
2.332	0.016
2.334	0.0216
2.336	0.0032
2.338	-0.0256
2.34	0.0256
2.342	-0.02
2.344	0.004
2.346	0.0256
2.348	0.0088
2.35	-0.024
2.352	0.0064
2.354	-0.0184
2.356	-0.0072
2.358	0.0224
2.36	0.0096
2.362	-0.016
2.364	-0.0128
2.366	-0.012
2.368	-0.0152
2.37	0.0184
2.372	0.0064
2.374	-0.0072
2.376	-0.02
2.378	-0.0008
2.38	-0.0176
2.382	0.0152
2.384	0
2.386	-0.0008
2.388	-0.02
2.39	0.0144
2.392	-0.0136
2.394	0.0168
2.396	-0.0016
2.398	0.0016
2.4	-0.0176
2.402	0.0288
2.404	-0.0112
2.406	0.0192
2.408	0.0024
2.41	0.0008
2.412	-0.0152
2.414	0.0352
2.416	-0.0088
2.418	0.0184
2.42	0.0104
2.422	0.0008
2.424	-0.0176
2.426	0.032
2.428	-0.0104
2.43	0.0104
2.432	0.0216
2.434	0.0024
2.436	-0.0216
2.438	0.0184
2.44	-0.0112
2.442	-0.0024
2.444	0.028
2.446	0.0072
2.448	-0.024
2.45	0
2.452	-0.0088
2.454	-0.016
2.456	0.028
2.458	0.0128
2.46	-0.02
2.462	-0.016
2.464	-0.004
2.466	-0.024
2.468	0.0232
2.47	0.012
2.472	-0.0112
2.474	-0.0256
2.476	0.0072
2.478	-0.0248
2.48	0.0168
2.482	0.008
2.484	-0.0008
2.486	-0.0256
2.488	0.0192
2.49	-0.0176
2.492	0.0136
2.494	0.0024
2.496	0.0072
2.498	-0.0216
2.5	0.0296
2.502	-0.0112
2.504	0.0112
2.506	0.0008
2.508	0.0088
2.51	-0.0168
2.512	0.032
2.514	-0.0056
2.516	0.0104
2.518	0.0048
2.52	0.008
2.522	-0.016
2.524	0.0248
2.526	-0.004
2.528	0.0056
2.53	0.0152
2.532	0.008
2.534	-0.0168
2.536	0.0088
2.538	-0.0032
2.54	-0.004
2.542	0.0248
2.544	0.0096
2.546	-0.0176
2.548	-0.0104
2.55	-0.0016
2.552	-0.016
2.554	0.0296
2.556	0.0128
2.558	-0.016
2.56	-0.0264
2.562	0.004
2.564	-0.0248
2.566	0.0248
2.568	0.0144
2.57	-0.0112
2.572	-0.0304
2.574	0.0144
2.576	-0.0264
2.578	0.0184
2.58	0.012
2.582	-0.0008
2.584	-0.028
2.586	0.0248
2.588	-0.0208
2.59	0.0112
2.592	0.008
2.594	0.008
2.596	-0.0216
2.598	0.0312
2.6	-0.0144
2.602	0.0056
2.604	0.0032
2.606	0.0144
2.608	-0.016
2.61	0.0288
2.612	-0.0056
2.614	0.0032
2.616	0.0024
2.618	0.0144
2.62	-0.0144
2.622	0.0176
2.624	-0.0008
2.626	0.0024
2.628	0.0088
2.63	0.0128
2.632	-0.0144
2.634	-0.0008
2.636	0.0016
2.638	-0.0048
2.64	0.0184
2.642	0.0112
2.644	-0.0144
2.646	-0.0208
2.648	0.0048
2.65	-0.0144
2.652	0.0232
2.654	0.0112
2.656	-0.012
2.658	-0.0336
2.66	0.0104
2.662	-0.0216
2.664	0.0224
2.666	0.0144
2.668	-0.0056
2.67	-0.0368
2.672	0.0184
2.674	-0.0248
2.676	0.016
2.678	0.0144
2.68	0.0032
2.682	-0.0328
2.684	0.0272
2.686	-0.0208
2.688	0.0072
2.69	0.0128
2.692	0.0136
2.694	-0.024
2.696	0.032
2.698	-0.0112
2.7	0
2.702	0.008
2.704	0.0176
2.706	-0.0168
2.708	0.0272
2.71	-0.0008
2.712	-0.0032
2.714	0.0072
2.716	0.0192
2.718	-0.0112
2.72	0.0128
2.722	0.0048
2.724	-0.0024
2.726	0.0064
2.728	0.0168
2.73	-0.0088
2.732	-0.0104
2.734	0.0072
2.736	-0.0024
2.738	0.0112
2.74	0.012
2.742	-0.0088
2.744	-0.028
2.746	0.008
2.748	-0.0088
2.75	0.0152
2.752	0.008
2.754	-0.008
2.756	-0.04
2.758	0.0096
2.76	-0.016
2.762	0.0176
2.764	0.0088
2.766	-0.0024
2.768	-0.0416
2.77	0.0176
2.772	-0.02
2.774	0.0136
2.776	0.0104
2.778	0.0072
2.78	-0.0344
2.782	0.0256
2.784	-0.0176
2.786	0.0048
2.788	0.012
2.79	0.0168
2.792	-0.0232
2.794	0.0288
2.796	-0.0104
2.798	-0.0064
2.8	0.012
2.802	0.0232
2.804	-0.0136
2.806	0.0232
2.808	0
2.81	-0.0112
2.812	0.0104
2.814	0.024
2.816	-0.0096
2.818	0.0064
2.82	0.0088
2.822	-0.0096
2.824	0.008
2.826	0.0208
2.828	-0.0072
2.83	-0.0152
2.832	0.0128
2.834	-0.0072
2.836	0.0072
2.838	0.0128
2.84	-0.004
2.842	-0.0352
2.844	0.012
2.846	-0.0032
2.848	0.0096
2.85	0.0072
2.852	-0.0008
2.854	-0.0424
2.856	0.0112
2.858	-0.0056
2.86	0.0112
2.862	0.0056
2.864	0.0064
2.866	-0.04
2.868	0.0128
2.87	-0.008
2.872	0.0104
2.874	0.008
2.876	0.0144
2.878	-0.0304
2.88	0.016
2.882	-0.0112
2.884	0.0032
2.886	0.0088
2.888	0.0208
2.89	-0.0208
2.892	0.0168
2.894	-0.0072
2.896	-0.0064
2.898	0.0112
2.9	0.0248
2.902	-0.012
2.904	0.012
2.906	0.0008
2.908	-0.0128
2.91	0.0104
2.912	0.024
2.914	-0.0064
2.916	-0.0016
2.918	0.0088
2.92	-0.016
2.922	0.0088
2.924	0.0192
2.926	-0.0016
2.928	-0.0192
2.93	0.016
2.932	-0.012
2.934	0.008
2.936	0.0112
2.938	0.0008
2.94	-0.0352
2.942	0.0176
2.944	-0.0064
2.946	0.0088
2.948	0.0064
2.95	0.0048
2.952	-0.0416
2.954	0.0136
2.956	-0.0008
2.958	0.008
2.96	0.0032
2.962	0.0112
2.964	-0.0384
2.966	0.0096
2.968	0
2.97	0.0072
2.972	0.004
2.974	0.02
2.976	-0.0272
2.978	0.0064
2.98	-0.0008
2.982	0.0016
2.984	0.0056
2.986	0.0256
2.988	-0.016
2.99	0.004
2.992	0
2.994	-0.0072
2.996	0.0072
2.998	0.0288
3	-0.0056
3.002	-0.0008
3.004	0.0032
3.006	-0.0136
3.008	0.0088
3.01	0.0256
3.012	0.0016
3.014	-0.0112
3.016	0.0112
3.018	-0.016
3.02	0.008
3.022	0.0184
3.024	0.0032
3.026	-0.0248
3.028	0.0152
3.03	-0.0128
3.032	0.0064
3.034	0.008
3.036	0.0048
3.038	-0.036
3.04	0.02
3.042	-0.0072
3.044	0.0064
3.046	0.0024
3.048	0.0072
3.05	-0.0408
3.052	0.0144
3.054	-0.0008
3.056	0.0056
3.058	-0.0024
3.06	0.0152
3.062	-0.0352
3.064	0.0056
3.066	0.0024
3.068	0.004
3.07	-0.0016
3.072	0.0216
3.074	-0.0216
3.076	-0.0024
3.078	0.0048
3.08	0.0024
3.082	0.0016
3.084	0.0272
3.086	-0.008
3.088	-0.0088
3.09	0.0048
3.092	-0.0032
3.094	0.0048
3.096	0.028
3.098	0.004
3.1	-0.0136
3.102	0.0056
3.104	-0.0096
3.106	0.0088
3.108	0.0232
3.11	0.0096
3.112	-0.0176
3.114	0.0112
3.116	-0.0144
3.118	0.0072
3.12	0.016
3.122	0.0104
3.124	-0.0256
3.126	0.0168
3.128	-0.0128
3.13	0.0056
3.132	0.0064
3.134	0.0088
3.136	-0.0344
3.138	0.0176
3.14	-0.0088
3.142	0.0032
3.144	0
3.146	0.0104
3.148	-0.0376
3.15	0.0152
3.152	-0.0016
3.154	0.0024
3.156	-0.0048
3.158	0.0152
3.16	-0.0328
3.162	0.0056
3.164	0.0024
3.166	0.0032
3.168	-0.004
3.17	0.0224
3.172	-0.0192
3.174	-0.0056
3.176	0.0072
3.178	0.0024
3.18	-0.0016
3.182	0.0264
3.184	-0.0024
3.186	-0.016
3.188	0.0072
3.19	-0.0008
3.192	0.0032
3.194	0.0256
3.196	0.012
3.198	-0.024
3.2	0.0072
3.202	-0.0048
3.204	0.0048
3.206	0.0192
3.208	0.0216
3.21	-0.028
3.212	0.008
3.214	-0.0104
3.216	0.0072
3.218	0.0104
3.22	0.0208
3.222	-0.0296
3.224	0.0104
3.226	-0.0088
3.228	0.0056
3.23	0.0016
3.232	0.016
3.234	-0.0312
3.236	0.0136
3.238	-0.008
3.24	0.004
3.242	-0.004
3.244	0.0144
3.246	-0.0304
3.248	0.012
3.25	-0.0016
3.252	0.0024
3.254	-0.0056
3.256	0.016
3.258	-0.0248
3.26	0.0056
3.262	0.004
3.264	0.0032
3.266	-0.0032
3.268	0.0192
3.27	-0.0152
3.272	-0.0064
3.274	0.0056
3.276	0.0016
3.278	0
3.28	0.0232
3.282	0.0016
3.284	-0.0184
3.286	0.0072
3.288	-0.0008
3.29	0.0032
3.292	0.0232
3.294	0.0152
3.296	-0.0288
3.298	0.0048
3.3	-0.0032
3.302	0.004
3.304	0.0152
3.306	0.0256
3.308	-0.0336
3.31	0.0032
3.312	-0.0048
3.314	0.0056
3.316	0.0056
3.318	0.0288
3.32	-0.032
3.322	0.0048
3.324	-0.0056
3.326	0.0048
3.328	-0.0048
3.33	0.0256
3.332	-0.028
3.334	0.0064
3.336	-0.004
3.338	0.0032
3.34	-0.0088
3.342	0.0208
3.344	-0.0232
3.346	0.0064
3.348	-0.0008
3.35	0.0032
3.352	-0.008
3.354	0.016
3.356	-0.0168
3.358	0.0016
3.36	0.004
3.362	0.0024
3.364	-0.0048
3.366	0.016
3.368	-0.0072
3.37	-0.0088
3.372	0.0072
3.374	0.0008
3.376	0.0016
3.378	0.0176
3.38	0.0056
3.382	-0.02
3.384	0.0064
3.386	0.0008
3.388	0.0056
3.39	0.016
3.392	0.0184
3.394	-0.028
3.396	0.004
3.398	-0.0008
3.4	0.0072
3.402	0.012
3.404	0.0296
3.406	-0.0312
3.408	0.0016
3.41	-0.0016
3.412	0.0072
3.414	0.0016
3.416	0.0336
3.418	-0.0296
3.42	-0.0016
3.422	-0.0032
3.424	0.0072
3.426	-0.0088
3.428	0.0296
3.43	-0.0232
3.432	-0.0008
3.434	-0.0024
3.436	0.0056
3.438	-0.0136
3.44	0.0208
3.442	-0.0168
3.444	-0.0024
3.446	0.0008
3.448	0.0016
3.45	-0.0128
3.452	0.0152
3.454	-0.0088
3.456	-0.0048
3.458	0.004
3.46	0.0008
3.462	-0.0048
3.464	0.012
3.466	0
3.468	-0.0104
3.47	0.0072
3.472	-0.0008
3.474	0.0048
3.476	0.012
3.478	0.0104
3.48	-0.02
3.482	0.0072
3.484	-0.0008
3.486	0.0104
3.488	0.0128
3.49	0.02
3.492	-0.0264
3.494	0.0032
3.496	-0.0016
3.498	0.012
3.5	0.0088
3.502	0.028
3.504	-0.0288
3.506	0
3.508	-0.0024
3.51	0.0096
3.512	0
3.514	0.0328
3.516	-0.0256
3.518	-0.0048
3.52	-0.0008
3.522	0.0064
3.524	-0.0104
3.526	0.0312
3.528	-0.0176
3.53	-0.0088
3.532	-0.0008
3.534	0.0032
3.536	-0.0176
3.538	0.0232
3.54	-0.0072
3.542	-0.0104
3.544	0.0008
3.546	0.0032
3.548	-0.0152
3.55	0.0136
3.552	0.0024
3.554	-0.0128
3.556	0.0032
3.558	0.0032
3.56	-0.008
3.562	0.008
3.564	0.0104
3.566	-0.0144
3.568	0.004
3.57	0
3.572	0.0048
3.574	0.004
3.576	0.0184
3.578	-0.0192
3.58	0.004
3.582	-0.0008
3.584	0.0144
3.586	0.0048
3.588	0.0224
3.59	-0.024
3.592	0.0032
3.594	-0.0032
3.596	0.0168
3.598	0.0048
3.6	0.0272
3.602	-0.0256
3.604	-0.0016
3.606	-0.0056
3.608	0.0136
3.61	-0.0008
3.612	0.028
3.614	-0.0208
3.616	-0.0064
3.618	-0.0048
3.62	0.008
3.622	-0.0088
3.624	0.0256
3.626	-0.0128
3.628	-0.0112
3.63	-0.0032
3.632	0.0032
3.634	-0.0144
3.636	0.0184
3.638	-0.0016
3.64	-0.0136
3.642	0.0008
3.644	0.0016
3.646	-0.0136
3.648	0.0112
3.65	0.0104
3.652	-0.016
3.654	0.0032
3.656	0.0016
3.658	-0.0072
3.66	0.0048
3.662	0.02
3.664	-0.0176
3.666	0.0032
3.668	0.0016
3.67	0.0032
3.672	0
3.674	0.0256
3.676	-0.02
3.678	0.0032
3.68	-0.0008
3.682	0.0144
3.684	-0.0016
3.686	0.028
3.688	-0.0232
3.69	0
3.692	-0.0048
3.694	0.0184
3.696	-0.0016
3.698	0.0256
3.7	-0.0216
3.702	-0.004
3.704	-0.0072
3.706	0.0176
3.708	-0.0032
3.71	0.024
3.712	-0.0168
3.714	-0.0064
3.716	-0.008
3.718	0.0096
3.72	-0.0048
3.722	0.02
3.724	-0.0064
3.726	-0.0112
3.728	-0.0056
3.73	0.0024
3.732	-0.008
3.734	0.0136
3.736	0.0072
3.738	-0.0144
3.74	-0.0016
3.742	0
3.744	-0.0096
3.746	0.0064
3.748	0.0184
3.75	-0.0168
3.752	0.0008
3.754	-0.0008
3.756	-0.004
3.758	0
3.76	0.0264
3.762	-0.0176
3.764	0.0024
3.766	0.0016
3.768	0.004
3.77	-0.0048
3.772	0.0312
3.774	-0.0184
3.776	0.0024
3.778	0.0008
3.78	0.0136
3.782	-0.0064
3.784	0.0304
3.786	-0.0192
3.788	0
3.79	-0.0024
3.792	0.0192
3.794	-0.0048
3.796	0.0248
3.798	-0.0176
3.8	-0.004
3.802	-0.008
3.804	0.0168
3.806	-0.0024
3.808	0.02
3.81	-0.012
3.812	-0.0088
3.814	-0.0104
3.816	0.0096
3.818	-0.0032
3.82	0.0152
3.822	-0.0016
3.824	-0.012
3.826	-0.0096
3.828	0.0016
3.83	-0.0032
3.832	0.008
3.834	0.008
3.836	-0.0152
3.838	-0.0048
3.84	-0.0048
3.842	-0.004
3.844	0.0016
3.846	0.0216
3.848	-0.0168
3.85	-0.0016
3.852	-0.0048
3.854	-0.0008
3.856	-0.0048
3.858	0.0312
3.86	-0.0168
3.862	0.0008
3.864	-0.0024
3.866	0.0072
3.868	-0.0072
3.87	0.036
3.872	-0.0168
3.874	0.0008
3.876	0.0016
3.878	0.0144
3.88	-0.0088
3.882	0.0312
3.884	-0.0152
3.886	-0.0048
3.888	0.0008
3.89	0.02
3.892	-0.008
3.894	0.0248
3.896	-0.0112
3.898	-0.0072
3.9	-0.0048
3.902	0.0184
3.904	-0.0056
3.906	0.0152
3.908	-0.0056
3.91	-0.0104
3.912	-0.0104
3.914	0.0096
3.916	-0.0016
3.918	0.0072
3.92	0.0032
3.922	-0.012
3.924	-0.0104
3.926	0
3.928	0.0016
3.93	0.0008
3.932	0.0136
3.934	-0.0128
3.936	-0.0072
3.938	-0.0088
3.94	0.0032
3.942	-0.0024
3.944	0.0224
3.946	-0.0128
3.948	-0.0032
3.95	-0.0112
3.952	0.0056
3.954	-0.0056
3.956	0.0312
3.958	-0.0136
3.96	0.0008
3.962	-0.0056
3.964	0.0096
3.966	-0.008
3.968	0.0328
3.97	-0.012
3.972	0.0008
3.974	-0.004
3.976	0.0152
3.978	-0.0096
3.98	0.0288
3.982	-0.0104
3.984	-0.0048
3.986	-0.0008
3.988	0.0184
3.99	-0.0096
3.992	0.0208
3.994	-0.0056
3.996	-0.0096
3.998	-0.0032
4	0.016
4.002	-0.0056
4.004	0.012
4.006	0.0008
4.008	-0.0152
4.01	-0.0056
4.012	0.0088
4.014	-0.0016
4.016	0.0032
4.018	0.008
4.02	-0.016
4.022	-0.0088
4.024	0
4.026	0.0024
4.028	-0.0008
4.03	0.0192
4.032	-0.0144
4.034	-0.0088
4.036	-0.0096
4.038	0.0072
4.04	-0.0048
4.042	0.0256
4.044	-0.0112
4.046	-0.004
4.048	-0.0136
4.05	0.0104
4.052	-0.0072
4.054	0.0312
4.056	-0.0096
4.058	0.0008
4.06	-0.0128
4.062	0.0128
4.064	-0.008
4.066	0.0312
4.068	-0.0064
4.07	0.0008
4.072	-0.0072
4.074	0.0152
4.076	-0.0072
4.078	0.0256
4.08	-0.0048
4.082	-0.004
4.084	-0.004
4.086	0.016
4.088	-0.008
4.09	0.0152
4.092	0.0008
4.094	-0.0096
4.096	-0.0024
4.098	0.0128
4.1	-0.0048
4.102	0.0064
4.104	0.0064
4.106	-0.0168
4.108	-0.0048
4.11	0.0072
4.112	-0.0008
4.114	-0.0024
4.116	0.0144
4.118	-0.0192
4.12	-0.008
4.122	-0.0024
4.124	0.004
4.126	-0.0056
4.128	0.0216
4.13	-0.016
4.132	-0.008
4.134	-0.012
4.136	0.0088
4.138	-0.0072
4.14	0.0272
4.142	-0.0104
4.144	-0.0048
4.146	-0.016
4.148	0.0128
4.15	-0.0064
4.152	0.028
4.154	-0.0056
4.156	0
4.158	-0.0144
4.16	0.0136
4.162	-0.0048
4.164	0.0272
4.166	-0.0024
4.168	0.0008
4.17	-0.0112
4.172	0.0144
4.174	-0.004
4.176	0.0192
4.178	0.0008
4.18	-0.0008
4.182	-0.0056
4.184	0.0128
4.186	-0.0048
4.188	0.0104
4.19	0.0056
4.192	-0.0088
4.194	-0.0032
4.196	0.0096
4.198	-0.004
4.2	0.0008
4.202	0.0104
4.204	-0.0152
4.206	-0.004
4.208	0.0032
4.21	0
4.212	-0.0072
4.214	0.0184
4.216	-0.0184
4.218	-0.0072
4.22	-0.004
4.222	0.0064
4.224	-0.0112
4.226	0.0256
4.228	-0.0168
4.23	-0.008
4.232	-0.0104
4.234	0.0104
4.236	-0.0096
4.238	0.0304
4.24	-0.0104
4.242	-0.0048
4.244	-0.0136
4.246	0.0144
4.248	-0.0072
4.25	0.028
4.252	-0.0032
4.254	-0.0024
4.256	-0.0152
4.258	0.0152
4.26	-0.0032
4.262	0.0224
4.264	0.0024
4.266	0.0008
4.268	-0.0128
4.27	0.0136
4.272	0
4.274	0.0136
4.276	0.0064
4.278	0
4.28	-0.008
4.282	0.008
4.284	0.0016
4.286	0.0024
4.288	0.008
4.29	-0.0048
4.292	-0.004
4.294	0.0032
4.296	0.0024
4.298	-0.0048
4.3	0.012
4.302	-0.0112
4.304	-0.0024
4.306	-0.0024
4.308	0.004
4.31	-0.0104
4.312	0.0176
4.314	-0.0144
4.316	-0.004
4.318	-0.0072
4.32	0.0072
4.322	-0.0112
4.324	0.0256
4.326	-0.0144
4.328	-0.0064
4.33	-0.0112
4.332	0.0112
4.334	-0.0096
4.336	0.0296
4.338	-0.0096
4.34	-0.0072
4.342	-0.0136
4.344	0.0152
4.346	-0.0056
4.348	0.0312
4.35	-0.0008
4.352	-0.0056
4.354	-0.0128
4.356	0.0144
4.358	-0.0016
4.36	0.0224
4.362	0.0064
4.364	-0.004
4.366	-0.0112
4.368	0.0104
4.37	0.0016
4.372	0.0096
4.374	0.0104
4.376	-0.0032
4.378	-0.0072
4.38	0.004
4.382	0.0024
4.384	-0.0024
4.386	0.0128
4.388	-0.0048
4.39	-0.004
4.392	-0.0032
4.394	0.0048
4.396	-0.012
4.398	0.0152
4.4	-0.008
4.402	-0.0024
4.404	-0.008
4.406	0.0088
4.408	-0.0128
4.41	0.0176
4.412	-0.0104
4.414	-0.0048
4.416	-0.012
4.418	0.0104
4.42	-0.0128
4.422	0.0232
4.424	-0.012
4.426	-0.0056
4.428	-0.0128
4.43	0.0128
4.432	-0.0088
4.434	0.0264
4.436	-0.0056
4.438	-0.0064
4.44	-0.012
4.442	0.016
4.444	-0.004
4.446	0.0256
4.448	0.0024
4.45	-0.0064
4.452	-0.012
4.454	0.012
4.456	0
4.458	0.0184
4.46	0.0088
4.462	-0.0048
4.464	-0.0088
4.466	0.0088
4.468	0.0016
4.47	0.0064
4.472	0.0144
4.474	-0.0032
4.476	-0.0064
4.478	0
4.48	0.0056
4.482	-0.0048
4.484	0.0152
4.486	-0.0048
4.488	-0.004
4.49	-0.0072
4.492	0.0072
4.494	-0.0136
4.496	0.0168
4.498	-0.0064