0.379	3.2
0.37902	3.2
0.37904	3.2
0.37906	3.2
0.37908	3.2
0.3791	3.2
0.37912	3.2
0.37914	3.2
0.37916	3.2
0.37918	3.2
0.3792	3.2
0.37922	3.2
0.37924	3.2
0.37926	2.88
0.37928	-0.64
0.3793	-2.8
0.37932	-3.52
0.37934	-3.68
0.37936	-3.68
0.37938	-3.76
0.3794	-3.76
0.37942	-3.76
0.37944	-3.68
0.37946	-3.76
0.37948	-3.68
0.3795	-3.76
0.37952	-3.68
0.37954	-3.68
0.37956	-3.68
0.37958	-3.68
0.3796	-3.68
0.37962	-3.68
0.37964	-3.68
0.37966	-3.68
0.37968	-3.68
0.3797	-3.68
0.37972	-3.68
0.37974	-3.68
0.37976	-3.68
0.37978	-3.68
0.3798	-3.68
0.37982	-3.68
0.37984	-3.28
0.37986	-2.08
0.37988	-0.64
0.3799	0.72
0.37992	1.76
0.37994	2.48
0.37996	2.88
0.37998	3.12
0.38	3.2
0.38002	3.2
0.38004	3.2
0.38006	3.2
0.38008	3.2
0.3801	3.2
0.38012	3.2
0.38014	3.2
0.38016	3.2
0.38018	3.2
0.3802	3.2
0.38022	3.2
0.38024	3.2
0.38026	3.2
0.38028	3.2
0.3803	3.2
0.38032	3.2
0.38034	3.2
0.38036	3.2
0.38038	1.68
0.3804	-2.08
0.38042	-3.2
0.38044	-3.6
0.38046	-3.68
0.38048	-3.76
0.3805	-3.68
0.38052	-3.76
0.38054	-3.76
0.38056	-3.68
0.38058	-3.68
0.3806	-3.68
0.38062	-3.68
0.38064	-3.68
0.38066	-3.68
0.38068	-3.68
0.3807	-3.68
0.38072	-3.68
0.38074	-3.68
0.38076	-3.68
0.38078	-3.68
0.3808	-3.68
0.38082	-3.68
0.38084	-3.68
0.38086	-3.68
0.38088	-3.68
0.3809	-3.6
0.38092	-3.68
0.38094	-3.68
0.38096	-3.6
0.38098	-3.6
0.381	-3.6
0.38102	-3.52
0.38104	-3.12
0.38106	-1.84
0.38108	-0.48
0.3811	0.72
0.38112	1.68
0.38114	2.32
0.38116	2.8
0.38118	3.04
0.3812	3.12
0.38122	3.2
0.38124	3.2
0.38126	3.2
0.38128	3.2
0.3813	3.2
0.38132	3.2
0.38134	3.2
0.38136	3.28
0.38138	3.2
0.3814	3.2
0.38142	3.28
0.38144	3.2
0.38146	3.2
0.38148	3.2
0.3815	3.2
0.38152	3.2
0.38154	3.2
0.38156	3.2
0.38158	3.2
0.3816	3.2
0.38162	3.2
0.38164	3.2
0.38166	3.2
0.38168	3.2
0.3817	3.2
0.38172	3.2
0.38174	3.2
0.38176	3.2
0.38178	3.2
0.3818	3.2
0.38182	3.2
0.38184	3.2
0.38186	3.12
0.38188	0.8
0.3819	-2.4
0.38192	-3.28
0.38194	-3.6
0.38196	-3.68
0.38198	-3.76
0.382	-3.68
0.38202	-3.68
0.38204	-3.76
0.38206	-3.76
0.38208	-3.68
0.3821	-3.68
0.38212	-3.68
0.38214	-3.68
0.38216	-3.68
0.38218	-3.68
0.3822	-3.68
0.38222	-3.68
0.38224	-3.68
0.38226	-3.68
0.38228	-3.68
0.3823	-3.68
0.38232	-3.68
0.38234	-3.68
0.38236	-3.68
0.38238	-3.68
0.3824	-3.68
0.38242	-3.68
0.38244	-3.68
0.38246	-3.68
0.38248	-3.68
0.3825	-3.68
0.38252	-3.6
0.38254	-3.6
0.38256	-3.6
0.38258	-3.6
0.3826	-3.6
0.38262	-3.6
0.38264	-3.6
0.38266	-3.6
0.38268	-3.2
0.3827	-1.6
0.38272	0.48
0.38274	2.08
0.38276	2.88
0.38278	3.12
0.3828	3.2
0.38282	3.2
0.38284	3.2
0.38286	3.2
0.38288	3.2
0.3829	3.2
0.38292	3.2
0.38294	3.2
0.38296	3.2
0.38298	3.2
0.383	3.2
0.38302	3.2
0.38304	3.2
0.38306	3.2
0.38308	3.2
0.3831	3.2
0.38312	3.2
0.38314	3.2
0.38316	3.2
0.38318	3.2
0.3832	3.2
0.38322	3.2
0.38324	3.2
0.38326	3.2
0.38328	3.2
0.3833	3.2
0.38332	3.2
0.38334	3.2
0.38336	3.2
0.38338	3.2
0.3834	3.2
0.38342	3.2
0.38344	3.2
0.38346	3.2
0.38348	3.2
0.3835	3.2
0.38352	3.2
0.38354	3.2
0.38356	3.2
0.38358	3.2
0.3836	3.2
0.38362	3.2
0.38364	3.2
0.38366	3.2
0.38368	3.2
0.3837	3.2
0.38372	3.2
0.38374	3.2
0.38376	3.2
0.38378	3.2
0.3838	3.2
0.38382	3.2
0.38384	3.2
0.38386	3.2
0.38388	3.2
0.3839	3.2
0.38392	3.2
0.38394	3.2
0.38396	0.72
0.38398	-2.48
0.384	-3.36
0.38402	-3.68
0.38404	-3.76
0.38406	-3.76
0.38408	-3.84
0.3841	-3.76
0.38412	-3.84
0.38414	-3.84
0.38416	-3.76
0.38418	-3.84
0.3842	-3.76
0.38422	-3.76
0.38424	-3.76
0.38426	-3.76
0.38428	-3.76
0.3843	-3.76
0.38432	-3.76
0.38434	-3.76
0.38436	-3.76
0.38438	-3.76
0.3844	-3.76
0.38442	-3.76
0.38444	-3.68
0.38446	-3.68
0.38448	-3.68
0.3845	-3.68
0.38452	-3.68
0.38454	-3.68
0.38456	-3.68
0.38458	-3.68
0.3846	-3.68
0.38462	-3.68
0.38464	-3.68
0.38466	-3.68
0.38468	-3.68
0.3847	-3.68
0.38472	-3.68
0.38474	-3.68
0.38476	-3.68
0.38478	-3.68
0.3848	-3.6
0.38482	-3.6
0.38484	-3.6
0.38486	-3.6
0.38488	-3.68
0.3849	-3.6
0.38492	-3.6
0.38494	-3.6
0.38496	-3.6
0.38498	-3.6
0.385	-3.6
0.38502	-3.6
0.38504	-3.6
0.38506	-3.6
0.38508	-3.6
0.3851	-3.6
0.38512	-3.6
0.38514	-3.6
0.38516	-3.6
0.38518	-3.52
0.3852	-3.6
0.38522	-3.52
0.38524	-3.52
0.38526	-3.6
0.38528	-3.52
0.3853	-3.52
0.38532	-3.52
0.38534	-3.52
0.38536	-3.52
0.38538	-3.52
0.3854	-3.52
0.38542	-3.52
0.38544	-3.52
0.38546	-3.52
0.38548	-3.52
0.3855	-3.52
0.38552	-3.52
0.38554	-3.52
0.38556	-3.52
0.38558	-3.52
0.3856	-3.52
0.38562	-3.52
0.38564	-3.52
0.38566	-3.52
0.38568	-3.52
0.3857	-3.52
0.38572	-3.52
0.38574	-3.44
0.38576	-3.52
0.38578	-3.44
0.3858	-3.44
0.38582	-3.52
0.38584	-3.44
0.38586	-3.44
0.38588	-3.44
0.3859	-3.44
0.38592	-3.44
0.38594	-3.44
0.38596	-3.44
0.38598	-3.44
0.386	-3.44
0.38602	-3.44
0.38604	-3.44
0.38606	-3.44
0.38608	-3.36
0.3861	-3.44
0.38612	-3.36
0.38614	-3.36
0.38616	-3.44
0.38618	-3.36
0.3862	-3.36
0.38622	-3.36
0.38624	-3.36
0.38626	-3.36
0.38628	-3.36
0.3863	-3.36
0.38632	-3.36
0.38634	-3.28
0.38636	-2.24
0.38638	0.16
0.3864	1.92
0.38642	2.88
0.38644	3.12
0.38646	3.2
0.38648	3.28
0.3865	3.28
0.38652	3.28
0.38654	3.28
0.38656	3.28
0.38658	3.28
0.3866	3.28
0.38662	3.28
0.38664	3.28
0.38666	3.2
0.38668	3.28
0.3867	3.28
0.38672	3.28
0.38674	3.28
0.38676	3.2
0.38678	3.28
0.3868	3.28
0.38682	3.28
0.38684	3.28
0.38686	3.28
0.38688	3.2
0.3869	3.28
0.38692	3.2
0.38694	3.28
0.38696	3.28
0.38698	3.2
0.387	3.28
0.38702	3.28
0.38704	3.28
0.38706	3.2
0.38708	3.28
0.3871	3.28
0.38712	3.28
0.38714	3.28
0.38716	3.2
0.38718	3.2
0.3872	3.2
0.38722	3.28
0.38724	3.28
0.38726	3.2
0.38728	3.2
0.3873	3.2
0.38732	3.2
0.38734	3.28
0.38736	3.2
0.38738	3.2
0.3874	3.2
0.38742	3.28
0.38744	3.2
0.38746	3.28
0.38748	3.2
0.3875	3.2
0.38752	3.2
0.38754	3.2
0.38756	3.2
0.38758	3.2
0.3876	3.28
0.38762	3.2
0.38764	3.2
0.38766	3.2
0.38768	3.2
0.3877	3.2
0.38772	3.28
0.38774	3.2
0.38776	3.2
0.38778	3.2
0.3878	3.2
0.38782	3.2
0.38784	3.2
0.38786	3.2
0.38788	3.2
0.3879	3.2
0.38792	3.2
0.38794	3.2
0.38796	3.2
0.38798	3.2
0.388	3.2
0.38802	3.2
0.38804	3.2
0.38806	3.2
0.38808	3.2
0.3881	3.2
0.38812	3.2
0.38814	3.2
0.38816	3.2
0.38818	3.2
0.3882	3.2
0.38822	3.2
0.38824	3.2
0.38826	3.2
0.38828	3.28
0.3883	3.2
0.38832	3.2
0.38834	3.2
0.38836	3.2
0.38838	3.2
0.3884	3.2
0.38842	3.2
0.38844	3.2
0.38846	3.2
0.38848	3.2
0.3885	3.2
0.38852	3.2
0.38854	3.2
0.38856	3.2
0.38858	3.2
0.3886	3.2
0.38862	3.2
0.38864	3.2
0.38866	3.2
0.38868	3.2
0.3887	3.2
0.38872	2.64
0.38874	-1.36
0.38876	-2.96
0.38878	-3.52
0.3888	-3.68
0.38882	-3.68
0.38884	-3.68
0.38886	-3.68
0.38888	-3.68
0.3889	-3.68
0.38892	-3.68
0.38894	-3.68
0.38896	-3.76
0.38898	-3.68
0.389	-3.68
0.38902	-3.68
0.38904	-3.68
0.38906	-3.68
0.38908	-3.68
0.3891	-3.68
0.38912	-3.68
0.38914	-3.68
0.38916	-3.68
0.38918	-3.68
0.3892	-3.68
0.38922	-3.68
0.38924	-3.6
0.38926	-3.68
0.38928	-3.68
0.3893	-3.68
0.38932	-3.6
0.38934	-3.6
0.38936	-3.6
0.38938	-3.6
0.3894	-3.6
0.38942	-3.6
0.38944	-3.6
0.38946	-3.6
0.38948	-3.52
0.3895	-3.28
0.38952	-2.64
0.38954	-1.84
0.38956	-0.88
0.38958	-0.08
0.3896	0.64
0.38962	1.2
0.38964	1.68
0.38966	2.16
0.38968	2.4
0.3897	2.72
0.38972	2.88
0.38974	3.04
0.38976	3.12
0.38978	3.2
0.3898	3.2
0.38982	3.2
0.38984	3.2
0.38986	3.2
0.38988	3.2
0.3899	3.2
0.38992	3.2
0.38994	3.2
0.38996	3.2
0.38998	3.2
0.39	3.2
0.39002	3.2
0.39004	3.2
0.39006	3.2
0.39008	3.2
0.3901	3.2
0.39012	3.2
0.39014	3.2
0.39016	3.2
0.39018	3.2
0.3902	3.2
0.39022	3.2
0.39024	3.2
0.39026	3.2
0.39028	3.2
0.3903	3.2
0.39032	3.2
0.39034	3.2
0.39036	3.2
0.39038	3.2
0.3904	3.2
0.39042	3.2
0.39044	3.2
0.39046	3.04
0.39048	0.96
0.3905	-2.32
0.39052	-3.28
0.39054	-3.6
0.39056	-3.68
0.39058	-3.68
0.3906	-3.6
0.39062	-3.6
0.39064	-3.6
0.39066	-3.12
0.39068	-1.92
0.3907	-0.4
0.39072	0.88
0.39074	1.84
0.39076	2.56
0.39078	2.88
0.3908	3.04
0.39082	3.12
0.39084	3.2
0.39086	3.2
0.39088	3.2
0.3909	3.2
0.39092	3.2
0.39094	3.2
0.39096	3.2
0.39098	3.2
0.391	3.2
0.39102	3.2
0.39104	3.2
0.39106	3.2
0.39108	3.2
0.3911	3.2
0.39112	3.2
0.39114	3.2
0.39116	3.2
0.39118	3.2
0.3912	3.2
0.39122	3.2
0.39124	3.2
0.39126	3.2
0.39128	3.2
0.3913	3.2
0.39132	3.2
0.39134	3.2
0.39136	3.12
0.39138	2.48
0.3914	-0.72
0.39142	-2.88
0.39144	-3.44
0.39146	-3.68
0.39148	-3.68
0.3915	-3.76
0.39152	-3.76
0.39154	-3.76
0.39156	-3.68
0.39158	-3.76
0.3916	-3.76
0.39162	-3.76
0.39164	-3.76
0.39166	-3.68
0.39168	-3.68
0.3917	-3.68
0.39172	-3.76
0.39174	-3.68
0.39176	-3.68
0.39178	-3.68
0.3918	-3.68
0.39182	-3.68
0.39184	-3.68
0.39186	-3.68
0.39188	-3.68
0.3919	-3.68
0.39192	-3.6
0.39194	-2.96
0.39196	-1.52
0.39198	0.08
0.392	1.44
0.39202	2.32
0.39204	2.8
0.39206	3.12
0.39208	3.2
0.3921	3.2
0.39212	3.2
0.39214	3.2
0.39216	3.2
0.39218	3.2
0.3922	3.2
0.39222	3.2
0.39224	3.2
0.39226	3.2
0.39228	3.2
0.3923	3.2
0.39232	3.2
0.39234	3.2
0.39236	3.2
0.39238	3.2
0.3924	3.2
0.39242	3.2
0.39244	3.2
0.39246	2.96
0.39248	-0.48
0.3925	-2.72
0.39252	-3.44
0.39254	-3.68
0.39256	-3.68
0.39258	-3.76
0.3926	-3.76
0.39262	-3.68
0.39264	-3.68
0.39266	-3.68
0.39268	-3.68
0.3927	-3.68
0.39272	-3.68
0.39274	-3.68
0.39276	-3.76
0.39278	-3.68
0.3928	-3.68
0.39282	-3.68
0.39284	-3.68
0.39286	-3.68
0.39288	-3.68
0.3929	-3.68
0.39292	-3.68
0.39294	-3.68
0.39296	-3.68
0.39298	-3.68
0.393	-3.68
0.39302	-3.68
0.39304	-3.6
0.39306	-3.68
0.39308	-3.68
0.3931	-3.68
0.39312	-3.68
0.39314	-3.68
0.39316	-3.6
0.39318	-3.6
0.3932	-3.2
0.39322	-1.76
0.39324	0
0.39326	1.44
0.39328	2.32
0.3933	2.88
0.39332	3.12
0.39334	3.2
0.39336	3.2
0.39338	3.2
0.3934	3.2
0.39342	3.2
0.39344	3.2
0.39346	3.2
0.39348	3.2
0.3935	3.2
0.39352	3.2
0.39354	3.2
0.39356	3.2
0.39358	3.2
0.3936	3.2
0.39362	3.2
0.39364	3.2
0.39366	3.2
0.39368	3.2
0.3937	3.2
0.39372	3.2
0.39374	3.2
0.39376	3.2
0.39378	3.2
0.3938	3.2
0.39382	3.2
0.39384	3.2
0.39386	3.2
0.39388	3.2
0.3939	3.2
0.39392	3.2
0.39394	3.2
0.39396	3.2
0.39398	3.2
0.394	3.2
0.39402	3.2
0.39404	3.12
0.39406	-0.48
0.39408	-2.72
0.3941	-3.44
0.39412	-3.6
0.39414	-3.68
0.39416	-3.68
0.39418	-3.68
0.3942	-3.76
0.39422	-3.68
0.39424	-3.68
0.39426	-3.68
0.39428	-3.68
0.3943	-3.68
0.39432	-3.68
0.39434	-3.68
0.39436	-3.68
0.39438	-3.68
0.3944	-3.68
0.39442	-3.68
0.39444	-3.68
0.39446	-3.68
0.39448	-3.68
0.3945	-3.68
0.39452	-3.68
0.39454	-3.68
0.39456	-3.68
0.39458	-3.68
0.3946	-3.68
0.39462	-3.68
0.39464	-3.68
0.39466	-3.68
0.39468	-3.6
0.3947	-3.6
0.39472	-3.6
0.39474	-3.6
0.39476	-3.6
0.39478	-3.6
0.3948	-3.6
0.39482	-3.6
0.39484	-3.6
0.39486	-3.2
0.39488	-1.2
0.3949	1.04
0.39492	2.4
0.39494	3.04
0.39496	3.2
0.39498	3.2
0.395	3.2
0.39502	3.2
0.39504	3.2
0.39506	3.2
0.39508	3.2
0.3951	3.2
0.39512	3.2
0.39514	3.2
0.39516	3.28
0.39518	3.2
0.3952	3.2
0.39522	3.2
0.39524	3.2
0.39526	3.2
0.39528	3.2
0.3953	3.2
0.39532	3.28
0.39534	3.2
0.39536	3.2
0.39538	3.2
0.3954	3.2
0.39542	3.2
0.39544	3.2
0.39546	3.2
0.39548	3.2
0.3955	3.2
0.39552	3.2
0.39554	3.2
0.39556	3.2
0.39558	3.2
0.3956	3.2
0.39562	3.2
0.39564	3.2
0.39566	3.2
0.39568	3.2
0.3957	3.2
0.39572	3.2
0.39574	3.2
0.39576	3.2
0.39578	3.2
0.3958	3.2
0.39582	3.2
0.39584	3.2
0.39586	3.2
0.39588	3.2
0.3959	3.2
0.39592	3.2
0.39594	3.2
0.39596	3.2
0.39598	3.2
0.396	3.2
0.39602	3.2
0.39604	3.2
0.39606	3.2
0.39608	3.2
0.3961	3.2
0.39612	3.2
0.39614	-1.2
0.39616	-3.04
0.39618	-3.6
0.3962	-3.76
0.39622	-3.76
0.39624	-3.76
0.39626	-3.76
0.39628	-3.76
0.3963	-3.76
0.39632	-3.76
0.39634	-3.68
0.39636	-3.76
0.39638	-3.76
0.3964	-3.76
0.39642	-3.76
0.39644	-3.68
0.39646	-3.76
0.39648	-3.68
0.3965	-3.68
0.39652	-3.68
0.39654	-3.68
0.39656	-3.68
0.39658	-3.68
0.3966	-3.68
0.39662	-3.68
0.39664	-3.68
0.39666	-3.68
0.39668	-3.68
0.3967	-3.68
0.39672	-3.68
0.39674	-3.68
0.39676	-3.68
0.39678	-3.68
0.3968	-3.68
0.39682	-3.68
0.39684	-3.68
0.39686	-3.68
0.39688	-3.68
0.3969	-3.68
0.39692	-3.6
0.39694	-3.6
0.39696	-3.6
0.39698	-3.6
0.397	-3.6
0.39702	-3.6
0.39704	-3.6
0.39706	-3.6
0.39708	-3.6
0.3971	-3.6
0.39712	-3.6
0.39714	-3.6
0.39716	-3.6
0.39718	-3.6
0.3972	-3.6
0.39722	-3.52
0.39724	-3.52
0.39726	-3.52
0.39728	-3.52
0.3973	-3.52
0.39732	-3.52
0.39734	-3.6
0.39736	-3.52
0.39738	-3.52
0.3974	-3.52
0.39742	-3.52
0.39744	-3.6
0.39746	-3.52
0.39748	-3.52
0.3975	-3.52
0.39752	-3.6
0.39754	-3.52
0.39756	-3.52
0.39758	-3.44
0.3976	-3.52
0.39762	-3.52
0.39764	-3.52
0.39766	-3.52
0.39768	-3.52
0.3977	-3.52
0.39772	-3.52
0.39774	-3.52
0.39776	-3.52
0.39778	-3.44
0.3978	-3.52
0.39782	-3.52
0.39784	-3.44
0.39786	-3.44
0.39788	-3.52
0.3979	-3.44
0.39792	-3.44
0.39794	-3.44
0.39796	-3.44
0.39798	-3.44
0.398	-3.44
0.39802	-3.44
0.39804	-3.44
0.39806	-3.44
0.39808	-3.44
0.3981	-3.44
0.39812	-3.44
0.39814	-3.44
0.39816	-3.44
0.39818	-3.44
0.3982	-3.44
0.39822	-3.44
0.39824	-3.44
0.39826	-3.36
0.39828	-3.36
0.3983	-3.36
0.39832	-3.36
0.39834	-3.36
0.39836	-3.36
0.39838	-3.36
0.3984	-3.36
0.39842	-3.36
0.39844	-3.36
0.39846	-3.36
0.39848	-3.36
0.3985	-3.36
0.39852	-3.36
0.39854	-2.72
0.39856	-0.4
0.39858	1.76
0.3986	2.72
0.39862	3.12
0.39864	3.28
0.39866	3.28
0.39868	3.28
0.3987	3.28
0.39872	3.28
0.39874	3.28
0.39876	3.2
0.39878	3.28
0.3988	3.28
0.39882	3.28
0.39884	3.28
0.39886	3.28
0.39888	3.28
0.3989	3.28
0.39892	3.28
0.39894	3.28
0.39896	3.28
0.39898	3.28
0.399	3.2
0.39902	3.28
0.39904	3.28
0.39906	3.2
0.39908	3.2
0.3991	3.2
0.39912	3.28
0.39914	3.28
0.39916	3.2
0.39918	3.28
0.3992	3.28
0.39922	3.28
0.39924	3.2
0.39926	3.28
0.39928	3.2
0.3993	3.28
0.39932	3.28
0.39934	3.28
0.39936	3.28
0.39938	3.28
0.3994	3.2
0.39942	3.28
0.39944	3.2
0.39946	3.28
0.39948	3.28
0.3995	3.28
0.39952	3.28
0.39954	3.2
0.39956	3.28
0.39958	3.28
0.3996	3.2
0.39962	3.2
0.39964	3.2
0.39966	3.2
0.39968	3.28
0.3997	3.28
0.39972	3.2
0.39974	3.28
0.39976	3.28
0.39978	3.28
0.3998	3.2
0.39982	3.2
0.39984	3.28
0.39986	3.2
0.39988	3.2
0.3999	3.28
0.39992	3.28
0.39994	3.2
0.39996	3.2
0.39998	3.28
0.4	3.2
0.40002	3.2
0.40004	3.2
0.40006	3.2
0.40008	3.2
0.4001	3.2
0.40012	3.2
0.40014	3.2
0.40016	3.28
0.40018	3.2
0.4002	3.2
0.40022	3.28
0.40024	3.2
0.40026	3.2
0.40028	3.2
0.4003	3.2
0.40032	3.2
0.40034	3.2
0.40036	3.2
0.40038	3.28
0.4004	3.2
0.40042	3.28
0.40044	3.2
0.40046	3.2
0.40048	3.2
0.4005	3.2
0.40052	3.2
0.40054	3.2
0.40056	3.28
0.40058	3.2
0.4006	3.2
0.40062	3.2
0.40064	3.2
0.40066	3.2
0.40068	3.2
0.4007	3.2
0.40072	3.2
0.40074	3.2
0.40076	3.2
0.40078	3.2
0.4008	3.2
0.40082	3.2
0.40084	3.2
0.40086	3.2
0.40088	3.2
0.4009	3.2
0.40092	2.88
0.40094	-0.8
0.40096	-2.8
0.40098	-3.44
0.401	-3.68
0.40102	-3.68
0.40104	-3.68
0.40106	-3.68
0.40108	-3.76
0.4011	-3.68
0.40112	-3.68
0.40114	-3.68
0.40116	-3.68
0.40118	-3.68
0.4012	-3.68
0.40122	-3.68
0.40124	-3.68
0.40126	-3.68
0.40128	-3.68
0.4013	-3.68
0.40132	-3.68
0.40134	-3.68
0.40136	-3.68
0.40138	-3.68
0.4014	-3.68
0.40142	-3.68
0.40144	-3.6
0.40146	-3.6
0.40148	-3.68
0.4015	-3.68
0.40152	-3.6
0.40154	-3.6
0.40156	-3.6
0.40158	-3.6
0.4016	-3.6
0.40162	-3.6
0.40164	-3.6
0.40166	-3.6
0.40168	-3.6
0.4017	-3.52
0.40172	-3.6
0.40174	-3.52
0.40176	-3.04
0.40178	-2.08
0.4018	-0.8
0.40182	0.48
0.40184	1.52
0.40186	2.24
0.40188	2.8
0.4019	3.04
0.40192	3.2
0.40194	3.2
0.40196	3.2
0.40198	3.2
0.402	3.2
0.40202	3.2
0.40204	3.2
0.40206	3.2
0.40208	3.2
0.4021	3.2
0.40212	3.2
0.40214	3.28
0.40216	3.2
0.40218	3.2
0.4022	3.2
0.40222	3.2
0.40224	3.2
0.40226	3.2
0.40228	3.2
0.4023	3.2
0.40232	3.2
0.40234	3.2
0.40236	3.2
0.40238	3.2
0.4024	3.2
0.40242	3.2
0.40244	3.2
0.40246	3.2
0.40248	3.2
0.4025	3.2
0.40252	3.2
0.40254	3.2
0.40256	3.12
0.40258	2.64
0.4026	0.48
0.40262	-2.4
0.40264	-3.28
0.40266	-3.52
0.40268	-3.6
0.4027	-3.44
0.40272	-2.72
0.40274	-1.68
0.40276	-0.64
0.40278	0.32
0.4028	1.12
0.40282	1.84
0.40284	2.32
0.40286	2.64
0.40288	2.88
0.4029	3.04
0.40292	3.12
0.40294	3.2
0.40296	3.12
0.40298	3.2
0.403	3.2
0.40302	3.2
0.40304	3.2
0.40306	3.2
0.40308	3.2
0.4031	3.2
0.40312	3.2
0.40314	3.2
0.40316	3.2
0.40318	3.2
0.4032	3.2
0.40322	3.2
0.40324	3.2
0.40326	3.2
0.40328	3.2
0.4033	3.2
0.40332	3.2
0.40334	3.2
0.40336	3.2
0.40338	3.2
0.4034	3.2
0.40342	3.2
0.40344	3.2
0.40346	3.2
0.40348	3.2
0.4035	3.2
0.40352	3.12
0.40354	1.76
0.40356	-2
0.40358	-3.2
0.4036	-3.6
0.40362	-3.68
0.40364	-3.76
0.40366	-3.76
0.40368	-3.76
0.4037	-3.76
0.40372	-3.76
0.40374	-3.76
0.40376	-3.76
0.40378	-3.76
0.4038	-3.76
0.40382	-3.68
0.40384	-3.76
0.40386	-3.76
0.40388	-3.76
0.4039	-3.76
0.40392	-3.68
0.40394	-3.76
0.40396	-3.68
0.40398	-3.68
0.404	-3.28
0.40402	-1.84
0.40404	-0.24
0.40406	1.12
0.40408	2.08
0.4041	2.64
0.40412	2.96
0.40414	3.12
0.40416	3.2
0.40418	3.2
0.4042	3.2
0.40422	3.2
0.40424	3.2
0.40426	3.2
0.40428	3.2
0.4043	3.2
0.40432	3.2
0.40434	3.2
0.40436	3.2
0.40438	3.2
0.4044	3.2
0.40442	3.2
0.40444	3.2
0.40446	3.2
0.40448	3.2
0.4045	3.2
0.40452	3.12
0.40454	2.4
0.40456	-0.96
0.40458	-2.88
0.4046	-3.52
0.40462	-3.68
0.40464	-3.76
0.40466	-3.76
0.40468	-3.76
0.4047	-3.76
0.40472	-3.76
0.40474	-3.76
0.40476	-3.76
0.40478	-3.76
0.4048	-3.76
0.40482	-3.76
0.40484	-3.76
0.40486	-3.76
0.40488	-3.76
0.4049	-3.76
0.40492	-3.76
0.40494	-3.76
0.40496	-3.68
0.40498	-3.76
0.405	-3.68
0.40502	-3.68
0.40504	-3.68
0.40506	-3.68
0.40508	-3.68
0.4051	-3.68
0.40512	-3.68
0.40514	-3.68
0.40516	-3.68
0.40518	-3.68
0.4052	-3.68
0.40522	-3.68
0.40524	-3.68
0.40526	-3.68
0.40528	-3.68
0.4053	-3.6
0.40532	-3.6
0.40534	-3.6
0.40536	-3.52
0.40538	-2.72
0.4054	-1.2
0.40542	0.4
0.40544	1.68
0.40546	2.48
0.40548	2.88
0.4055	3.12
0.40552	3.2
0.40554	3.2
0.40556	3.2
0.40558	3.2
0.4056	3.28
0.40562	3.2
0.40564	3.2
0.40566	3.2
0.40568	3.2
0.4057	3.2
0.40572	3.2
0.40574	3.2
0.40576	3.2
0.40578	3.2
0.4058	3.2
0.40582	3.2
0.40584	3.2
0.40586	3.2
0.40588	3.2
0.4059	3.2
0.40592	3.2
0.40594	3.2
0.40596	3.2
0.40598	3.2
0.406	3.2
0.40602	3.2
0.40604	3.2
0.40606	3.2
0.40608	3.2
0.4061	3.2
0.40612	3.2
0.40614	3.2
0.40616	3.2
0.40618	3.2
0.4062	3.2
0.40622	2.64
0.40624	-1.52
0.40626	-3.12
0.40628	-3.52
0.4063	-3.68
0.40632	-3.76
0.40634	-3.76
0.40636	-3.76
0.40638	-3.76
0.4064	-3.76
0.40642	-3.76
0.40644	-3.68
0.40646	-3.68
0.40648	-3.68
0.4065	-3.68
0.40652	-3.76
0.40654	-3.68
0.40656	-3.68
0.40658	-3.68
0.4066	-3.68
0.40662	-3.68
0.40664	-3.68
0.40666	-3.68
0.40668	-3.68
0.4067	-3.68
0.40672	-3.68
0.40674	-3.68
0.40676	-3.68
0.40678	-3.68
0.4068	-3.68
0.40682	-3.68
0.40684	-3.68
0.40686	-3.68
0.40688	-3.6
0.4069	-3.6
0.40692	-3.6
0.40694	-3.6
0.40696	-3.6
0.40698	-3.6
0.407	-3.6
0.40702	-3.52
0.40704	-2.16
0.40706	0.32
0.40708	2.08
0.4071	2.88
0.40712	3.12
0.40714	3.2
0.40716	3.2
0.40718	3.2
0.4072	3.2
0.40722	3.2
0.40724	3.2
0.40726	3.2
0.40728	3.2
0.4073	3.2
0.40732	3.2
0.40734	3.2
0.40736	3.2
0.40738	3.2
0.4074	3.2
0.40742	3.2
0.40744	3.2
0.40746	3.2
0.40748	3.28
0.4075	3.2
0.40752	3.2
0.40754	3.2
0.40756	3.2
0.40758	3.2
0.4076	3.2
0.40762	3.2
0.40764	3.2
0.40766	3.2
0.40768	3.2
0.4077	3.2
0.40772	3.2
0.40774	3.2
0.40776	3.2
0.40778	3.2
0.4078	3.2
0.40782	3.2
0.40784	3.2
0.40786	3.2
0.40788	3.2
0.4079	3.2
0.40792	3.2
0.40794	3.2
0.40796	3.2
0.40798	3.2
0.408	3.2
0.40802	3.2
0.40804	3.2
0.40806	3.2
0.40808	3.2
0.4081	3.2
0.40812	3.2
0.40814	3.2
0.40816	3.2
0.40818	3.2
0.4082	3.2
0.40822	3.2
0.40824	3.2
0.40826	3.2
0.40828	1.92
0.4083	-2.08
0.40832	-3.2
0.40834	-3.68
0.40836	-3.76
0.40838	-3.76
0.4084	-3.76
0.40842	-3.76
0.40844	-3.76
0.40846	-3.76
0.40848	-3.76
0.4085	-3.76
0.40852	-3.76
0.40854	-3.76
0.40856	-3.68
0.40858	-3.68
0.4086	-3.76
0.40862	-3.76
0.40864	-3.68
0.40866	-3.76
0.40868	-3.68
0.4087	-3.76
0.40872	-3.68
0.40874	-3.68
0.40876	-3.68
0.40878	-3.68
0.4088	-3.68
0.40882	-3.68
0.40884	-3.68
0.40886	-3.68
0.40888	-3.68
0.4089	-3.68
0.40892	-3.68
0.40894	-3.68
0.40896	-3.68
0.40898	-3.68
0.409	-3.68
0.40902	-3.6
0.40904	-3.68
0.40906	-3.6
0.40908	-3.68
0.4091	-3.68
0.40912	-3.6
0.40914	-3.6
0.40916	-3.6
0.40918	-3.6
0.4092	-3.6
0.40922	-3.6
0.40924	-3.6
0.40926	-3.6
0.40928	-3.6
0.4093	-3.52
0.40932	-3.6
0.40934	-3.6
0.40936	-3.52
0.40938	-3.52
0.4094	-3.6
0.40942	-3.52
0.40944	-3.52
0.40946	-3.6
0.40948	-3.52
0.4095	-3.52
0.40952	-3.52
0.40954	-3.52
0.40956	-3.52
0.40958	-3.52
0.4096	-3.52
0.40962	-3.52
0.40964	-3.52
0.40966	-3.52
0.40968	-3.52
0.4097	-3.52
0.40972	-3.52
0.40974	-3.52
0.40976	-3.52
0.40978	-3.44
0.4098	-3.52
0.40982	-3.52
0.40984	-3.52
0.40986	-3.52
0.40988	-3.52
0.4099	-3.52
0.40992	-3.52
0.40994	-3.52
0.40996	-3.44
0.40998	-3.44
0.41	-3.44
0.41002	-3.44
0.41004	-3.44
0.41006	-3.44
0.41008	-3.44
0.4101	-3.44
0.41012	-3.44
0.41014	-3.44
0.41016	-3.44
0.41018	-3.44
0.4102	-3.44
0.41022	-3.44
0.41024	-3.44
0.41026	-3.44
0.41028	-3.44
0.4103	-3.44
0.41032	-3.36
0.41034	-3.44
0.41036	-3.44
0.41038	-3.36
0.4104	-3.36
0.41042	-3.36
0.41044	-3.36
0.41046	-3.36
0.41048	-3.36
0.4105	-3.36
0.41052	-3.36
0.41054	-3.36
0.41056	-3.36
0.41058	-3.36
0.4106	-3.36
0.41062	-3.36
0.41064	-3.36
0.41066	-3.28
0.41068	-3.04
0.4107	-1.28
0.41072	0.88
0.41074	2.32
0.41076	3.04
0.41078	3.2
0.4108	3.28
0.41082	3.28
0.41084	3.28
0.41086	3.28
0.41088	3.28
0.4109	3.36
0.41092	3.28
0.41094	3.28
0.41096	3.28
0.41098	3.28
0.411	3.28
0.41102	3.28
0.41104	3.28
0.41106	3.28
0.41108	3.28
0.4111	3.28
0.41112	3.28
0.41114	3.2
0.41116	3.28
0.41118	3.28
0.4112	3.28
0.41122	3.2
0.41124	3.28
0.41126	3.28
0.41128	3.28
0.4113	3.28
0.41132	3.28
0.41134	3.28
0.41136	3.28
0.41138	3.28
0.4114	3.28
0.41142	3.28
0.41144	3.28
0.41146	3.2
0.41148	3.28
0.4115	3.28
0.41152	3.2
0.41154	3.28
0.41156	3.28
0.41158	3.2
0.4116	3.28
0.41162	3.2
0.41164	3.2
0.41166	3.28
0.41168	3.2
0.4117	3.28
0.41172	3.28
0.41174	3.2
0.41176	3.2
0.41178	3.28
0.4118	3.2
0.41182	3.28
0.41184	3.28
0.41186	3.28
0.41188	3.2
0.4119	3.2
0.41192	3.28
0.41194	3.28
0.41196	3.28
0.41198	3.28
0.412	3.28
0.41202	3.28
0.41204	3.28
0.41206	3.2
0.41208	3.2
0.4121	3.28
0.41212	3.28
0.41214	3.28
0.41216	3.2
0.41218	3.2
0.4122	3.28
0.41222	3.2
0.41224	3.2
0.41226	3.28
0.41228	3.2
0.4123	3.2
0.41232	3.2
0.41234	3.2
0.41236	3.2
0.41238	3.2
0.4124	3.2
0.41242	3.2
0.41244	3.2
0.41246	3.2
0.41248	3.2
0.4125	3.2
0.41252	3.2
0.41254	3.2
0.41256	3.2
0.41258	3.28
0.4126	3.2
0.41262	3.2
0.41264	3.2
0.41266	3.2
0.41268	3.2
0.4127	3.2
0.41272	3.2
0.41274	3.2
0.41276	3.2
0.41278	3.2
0.4128	3.2
0.41282	3.2
0.41284	3.2
0.41286	3.2
0.41288	3.2
0.4129	3.2
0.41292	3.2
0.41294	3.2
0.41296	3.2
0.41298	3.2
0.413	3.2
0.41302	3.2
0.41304	3.2
0.41306	3.2
0.41308	3.2
0.4131	2.24
0.41312	-1.84
0.41314	-3.12
0.41316	-3.52
0.41318	-3.68
0.4132	-3.68
0.41322	-3.68
0.41324	-3.68
0.41326	-3.68
0.41328	-3.68
0.4133	-3.68
0.41332	-3.68
0.41334	-3.68
0.41336	-3.68
0.41338	-3.68
0.4134	-3.68
0.41342	-3.68
0.41344	-3.68
0.41346	-3.68
0.41348	-3.68
0.4135	-3.68
0.41352	-3.68
0.41354	-3.68
0.41356	-3.68
0.41358	-3.68
0.4136	-3.68
0.41362	-3.68
0.41364	-3.6
0.41366	-3.68
0.41368	-3.68
0.4137	-3.6
0.41372	-3.68
0.41374	-3.6
0.41376	-3.6
0.41378	-3.68
0.4138	-3.6
0.41382	-3.6
0.41384	-3.6
0.41386	-3.28
0.41388	-2.16
0.4139	-0.64
0.41392	0.8
0.41394	1.84
0.41396	2.56
0.41398	2.88
0.414	3.12
0.41402	3.2
0.41404	3.2
0.41406	3.2
0.41408	3.2
0.4141	3.2
0.41412	3.2
0.41414	3.2
0.41416	3.2
0.41418	3.2
0.4142	3.2
0.41422	3.2
0.41424	3.2
0.41426	3.2
0.41428	3.2
0.4143	3.28
0.41432	3.2
0.41434	3.2
0.41436	3.2
0.41438	3.2
0.4144	3.2
0.41442	3.2
0.41444	3.2
0.41446	3.2
0.41448	3.2
0.4145	3.2
0.41452	3.2
0.41454	3.2
0.41456	3.2
0.41458	3.04
0.4146	2.48
0.41462	0.64
0.41464	-2
0.41466	-3.12
0.41468	-3.44
0.4147	-3.6
0.41472	-3.36
0.41474	-2.88
0.41476	-2.32
0.41478	-1.76
0.4148	-1.28
0.41482	-0.96
0.41484	-0.72
0.41486	-0.48
0.41488	-0.32
0.4149	-0.16
0.41492	0.08
0.41494	0.4
0.41496	0.72
0.41498	1.12
0.415	1.6
0.41502	2.08
0.41504	2.48
0.41506	2.8
0.41508	3.04
0.4151	3.12
0.41512	3.12
0.41514	3.2
0.41516	3.2
0.41518	3.2
0.4152	3.2
0.41522	3.2
0.41524	3.2
0.41526	3.2
0.41528	3.2
0.4153	3.2
0.41532	3.2
0.41534	3.2
0.41536	3.2
0.41538	3.2
0.4154	3.2
0.41542	3.2
0.41544	3.2
0.41546	3.2
0.41548	3.2
0.4155	3.2
0.41552	3.2
0.41554	3.2
0.41556	3.2
0.41558	3.2
0.4156	3.2
0.41562	3.2
0.41564	3.2
0.41566	2.48
0.41568	-1.6
0.4157	-3.12
0.41572	-3.6
0.41574	-3.68
0.41576	-3.76
0.41578	-3.76
0.4158	-3.76
0.41582	-3.76
0.41584	-3.76
0.41586	-3.76
0.41588	-3.76
0.4159	-3.76
0.41592	-3.76
0.41594	-3.76
0.41596	-3.68
0.41598	-3.76
0.416	-3.68
0.41602	-3.68
0.41604	-3.68
0.41606	-3.68
0.41608	-3.68
0.4161	-3.68
0.41612	-3.04
0.41614	-1.68
0.41616	-0.16
0.41618	1.2
0.4162	2.08
0.41622	2.64
0.41624	2.96
0.41626	3.12
0.41628	3.2
0.4163	3.2
0.41632	3.2
0.41634	3.2
0.41636	3.2
0.41638	3.2
0.4164	3.2
0.41642	3.2
0.41644	3.2
0.41646	3.2
0.41648	3.2
0.4165	3.2
0.41652	3.2
0.41654	3.2
0.41656	3.2
0.41658	3.2
0.4166	3.2
0.41662	3.2
0.41664	3.2
0.41666	3.2
0.41668	2.72
0.4167	-0.8
0.41672	-2.88
0.41674	-3.52
0.41676	-3.68
0.41678	-3.76
0.4168	-3.68
0.41682	-3.76
0.41684	-3.76
0.41686	-3.76
0.41688	-3.76
0.4169	-3.76
0.41692	-3.76
0.41694	-3.76
0.41696	-3.76
0.41698	-3.76
0.417	-3.76
0.41702	-3.76
0.41704	-3.76
0.41706	-3.68
0.41708	-3.68
0.4171	-3.68
0.41712	-3.76
0.41714	-3.68
0.41716	-3.68
0.41718	-3.76
0.4172	-3.68
0.41722	-3.68
0.41724	-3.68
0.41726	-3.68
0.41728	-3.68
0.4173	-3.68
0.41732	-3.68
0.41734	-3.68
0.41736	-3.68
0.41738	-3.68
0.4174	-3.6
0.41742	-3.68
0.41744	-3.68
0.41746	-3.6
0.41748	-3.52
0.4175	-2.8
0.41752	-1.28
0.41754	0.24
0.41756	1.44
0.41758	2.32
0.4176	2.8
0.41762	3.04
0.41764	3.12
0.41766	3.2
0.41768	3.2
0.4177	3.2
0.41772	3.2
0.41774	3.2
0.41776	3.2
0.41778	3.2
0.4178	3.2
0.41782	3.2
0.41784	3.2
0.41786	3.2
0.41788	3.2
0.4179	3.2
0.41792	3.2
0.41794	3.2
0.41796	3.2
0.41798	3.2
0.418	3.2
0.41802	3.2
0.41804	3.2
0.41806	3.2
0.41808	3.2
0.4181	3.2
0.41812	3.2
0.41814	3.2
0.41816	3.2
0.41818	3.2
0.4182	3.2
0.41822	3.2
0.41824	3.2
0.41826	3.2
0.41828	3.2
0.4183	3.2
0.41832	3.2
0.41834	3.2
0.41836	3.2
0.41838	3.12
0.4184	0.08
0.41842	-2.56
0.41844	-3.36
0.41846	-3.68
0.41848	-3.68
0.4185	-3.76
0.41852	-3.76
0.41854	-3.76
0.41856	-3.76
0.41858	-3.76
0.4186	-3.68
0.41862	-3.68
0.41864	-3.76
0.41866	-3.76
0.41868	-3.68
0.4187	-3.76
0.41872	-3.76
0.41874	-3.68
0.41876	-3.68
0.41878	-3.68
0.4188	-3.68
0.41882	-3.76
0.41884	-3.68
0.41886	-3.76
0.41888	-3.68
0.4189	-3.68
0.41892	-3.68
0.41894	-3.68
0.41896	-3.68
0.41898	-3.68
0.419	-3.68
0.41902	-3.68
0.41904	-3.68
0.41906	-3.68
0.41908	-3.68
0.4191	-3.6
0.41912	-3.6
0.41914	-3.6
0.41916	-3.6
0.41918	-3.12
0.4192	-0.96
0.41922	1.2
0.41924	2.48
0.41926	3.04
0.41928	3.12
0.4193	3.2
0.41932	3.2
0.41934	3.2
0.41936	3.2
0.41938	3.2
0.4194	3.2
0.41942	3.2
0.41944	3.2
0.41946	3.2
0.41948	3.2
0.4195	3.2
0.41952	3.2
0.41954	3.2
0.41956	3.2
0.41958	3.2
0.4196	3.2
0.41962	3.2
0.41964	3.2
0.41966	3.2
0.41968	3.2
0.4197	3.2
0.41972	3.2
0.41974	3.2
0.41976	3.2
0.41978	3.2
0.4198	3.2
0.41982	3.2
0.41984	3.2
0.41986	3.2
0.41988	3.2
0.4199	3.2
0.41992	3.2
0.41994	3.2
0.41996	3.2
0.41998	3.2
0.42	3.2
0.42002	3.2
0.42004	3.2
0.42006	3.2
0.42008	3.2
0.4201	3.2
0.42012	3.2
0.42014	3.2
0.42016	3.2
0.42018	3.2
0.4202	3.2
0.42022	3.2
0.42024	3.2
0.42026	3.2
0.42028	3.2
0.4203	3.2
0.42032	3.2
0.42034	3.2
0.42036	3.2
0.42038	3.2
0.4204	3.2
0.42042	3.2
0.42044	3.2
0.42046	-0.32
0.42048	-2.8
0.4205	-3.52
0.42052	-3.68
0.42054	-3.76
0.42056	-3.84
0.42058	-3.76
0.4206	-3.84
0.42062	-3.76
0.42064	-3.84
0.42066	-3.76
0.42068	-3.76
0.4207	-3.76
0.42072	-3.76
0.42074	-3.76
0.42076	-3.76
0.42078	-3.76
0.4208	-3.76
0.42082	-3.76
0.42084	-3.76
0.42086	-3.76
0.42088	-3.76
0.4209	-3.76
0.42092	-3.76
0.42094	-3.76
0.42096	-3.76
0.42098	-3.68
0.421	-3.76
0.42102	-3.68
0.42104	-3.68
0.42106	-3.76
0.42108	-3.68
0.4211	-3.68
0.42112	-3.68
0.42114	-3.68
0.42116	-3.68
0.42118	-3.68
0.4212	-3.68
0.42122	-3.68
0.42124	-3.68
0.42126	-3.68
0.42128	-3.68
0.4213	-3.68
0.42132	-3.6
0.42134	-3.68
0.42136	-3.6
0.42138	-3.6
0.4214	-3.6
0.42142	-3.68
0.42144	-3.6
0.42146	-3.6
0.42148	-3.6
0.4215	-3.6
0.42152	-3.6
0.42154	-3.6
0.42156	-3.6
0.42158	-3.6
0.4216	-3.6
0.42162	-3.6
0.42164	-3.6
0.42166	-3.6
0.42168	-3.6
0.4217	-3.6
0.42172	-3.6
0.42174	-3.52
0.42176	-3.6
0.42178	-3.52
0.4218	-3.6
0.42182	-3.6
0.42184	-3.52
0.42186	-3.6
0.42188	-3.52
0.4219	-3.52
0.42192	-3.52
0.42194	-3.6
0.42196	-3.52
0.42198	-3.52
0.422	-3.52
0.42202	-3.52
0.42204	-3.52
0.42206	-3.52
0.42208	-3.52
0.4221	-3.52
0.42212	-3.52
0.42214	-3.52
0.42216	-3.52
0.42218	-3.52
0.4222	-3.52
0.42222	-3.52
0.42224	-3.44
0.42226	-3.44
0.42228	-3.44
0.4223	-3.44
0.42232	-3.44
0.42234	-3.44
0.42236	-3.44
0.42238	-3.44
0.4224	-3.44
0.42242	-3.44
0.42244	-3.44
0.42246	-3.44
0.42248	-3.44
0.4225	-3.44
0.42252	-3.44
0.42254	-3.44
0.42256	-3.44
0.42258	-3.44
0.4226	-3.44
0.42262	-3.44
0.42264	-3.36
0.42266	-3.44
0.42268	-3.36
0.4227	-3.36
0.42272	-3.36
0.42274	-3.36
0.42276	-3.36
0.42278	-3.36
0.4228	-3.36
0.42282	-3.36
0.42284	-3.36
0.42286	-3.36
0.42288	-3.36
0.4229	-2.72
0.42292	-0.64
0.42294	1.44
0.42296	2.64
0.42298	3.12
0.423	3.2
0.42302	3.28
0.42304	3.28
0.42306	3.28
0.42308	3.28
0.4231	3.28
0.42312	3.28
0.42314	3.28
0.42316	3.28
0.42318	3.2
0.4232	3.28
0.42322	3.28
0.42324	3.28
0.42326	3.2
0.42328	3.28
0.4233	3.28
0.42332	3.2
0.42334	3.28
0.42336	3.28
0.42338	3.28
0.4234	3.2
0.42342	3.28
0.42344	3.28
0.42346	3.2
0.42348	3.28
0.4235	3.28
0.42352	3.28
0.42354	3.2
0.42356	3.2
0.42358	3.28
0.4236	3.28
0.42362	3.28
0.42364	3.2
0.42366	3.2
0.42368	3.2
0.4237	3.28
0.42372	3.2
0.42374	3.28
0.42376	3.2
0.42378	3.2
0.4238	3.2
0.42382	3.28
0.42384	3.28
0.42386	3.2
0.42388	3.2
0.4239	3.2
0.42392	3.2
0.42394	3.28
0.42396	3.2
0.42398	3.2
0.424	3.2
0.42402	3.2
0.42404	3.2
0.42406	3.28
0.42408	3.2
0.4241	3.2
0.42412	3.2
0.42414	3.2
0.42416	3.2
0.42418	3.2
0.4242	3.28
0.42422	3.2
0.42424	3.2
0.42426	3.2
0.42428	3.2
0.4243	3.2
0.42432	3.2
0.42434	3.2
0.42436	3.2
0.42438	3.2
0.4244	3.2
0.42442	3.2
0.42444	3.2
0.42446	3.2
0.42448	3.2
0.4245	3.2
0.42452	3.2
0.42454	3.2
0.42456	3.2
0.42458	3.2
0.4246	3.2
0.42462	3.2
0.42464	3.2
0.42466	3.2
0.42468	3.2
0.4247	3.2
0.42472	3.2
0.42474	3.2
0.42476	3.2
0.42478	3.2
0.4248	3.2
0.42482	3.2
0.42484	3.2
0.42486	3.2
0.42488	3.2
0.4249	3.2
0.42492	3.2
0.42494	3.2
0.42496	3.2
0.42498	3.2
0.425	3.2
0.42502	3.2
0.42504	3.2
0.42506	3.2
0.42508	3.2
0.4251	3.2
0.42512	3.2
0.42514	3.2
0.42516	3.2
0.42518	3.2
0.4252	3.2
0.42522	3.2
0.42524	3.2
0.42526	3.2
0.42528	3.2
0.4253	3.2
0.42532	3.12
0.42534	1.44
0.42536	-2.24
0.42538	-3.28
0.4254	-3.6
0.42542	-3.68
0.42544	-3.68
0.42546	-3.68
0.42548	-3.76
0.4255	-3.76
0.42552	-3.68
0.42554	-3.68
0.42556	-3.68
0.42558	-3.68
0.4256	-3.68
0.42562	-3.68
0.42564	-3.68
0.42566	-3.68
0.42568	-3.68
0.4257	-3.68
0.42572	-3.68
0.42574	-3.68
0.42576	-3.68
0.42578	-3.68
0.4258	-3.68
0.42582	-3.68
0.42584	-3.68
0.42586	-3.68
0.42588	-3.6
0.4259	-3.68
0.42592	-3.6
0.42594	-3.6
0.42596	-3.6
0.42598	-3.12
0.426	-2
0.42602	-0.64
0.42604	0.56
0.42606	1.44
0.42608	2.08
0.4261	2.64
0.42612	2.8
0.42614	2.96
0.42616	3.12
0.42618	3.12
0.4262	3.2
0.42622	3.2
0.42624	3.2
0.42626	3.2
0.42628	3.2
0.4263	3.2
0.42632	3.2
0.42634	3.2
0.42636	3.2
0.42638	3.2
0.4264	3.2
0.42642	3.2
0.42644	3.2
0.42646	3.2
0.42648	3.2
0.4265	3.2
0.42652	3.2
0.42654	3.2
0.42656	3.2
0.42658	3.2
0.4266	3.2
0.42662	3.2
0.42664	3.12
0.42666	2.96
0.42668	2.08
0.4267	-0.24
0.42672	-2.64
0.42674	-3.36
0.42676	-3.6
0.42678	-3.68
0.4268	-3.68
0.42682	-3.68
0.42684	-3.68
0.42686	-3.68
0.42688	-3.68
0.4269	-3.68
0.42692	-3.6
0.42694	-3.68
0.42696	-3.52
0.42698	-2.8
0.427	-1.52
0.42702	-0.24
0.42704	0.96
0.42706	1.84
0.42708	2.56
0.4271	2.88
0.42712	3.12
0.42714	3.2
0.42716	3.2
0.42718	3.2
0.4272	3.2
0.42722	3.2
0.42724	3.2
0.42726	3.2
0.42728	3.2
0.4273	3.2
0.42732	3.2
0.42734	3.2
0.42736	3.2
0.42738	3.2
0.4274	3.2
0.42742	3.2
0.42744	3.2
0.42746	3.2
0.42748	3.2
0.4275	3.2
0.42752	3.2
0.42754	3.2
0.42756	3.2
0.42758	3.2
0.4276	3.2
0.42762	3.2
0.42764	3.2
0.42766	3.2
0.42768	3.2
0.4277	3.2
0.42772	3.2
0.42774	3.2
0.42776	3.2
0.42778	3.04
0.4278	-0.48
0.42782	-2.8
0.42784	-3.44
0.42786	-3.68
0.42788	-3.76
0.4279	-3.76
0.42792	-3.76
0.42794	-3.76
0.42796	-3.76
0.42798	-3.68
0.428	-3.76
0.42802	-3.76
0.42804	-3.76
0.42806	-3.76
0.42808	-3.68
0.4281	-3.68
0.42812	-3.68
0.42814	-3.68
0.42816	-3.68
0.42818	-3.44
0.4282	-2.56
0.42822	-1.28
0.42824	-0.08
0.42826	1.04
0.42828	1.84
0.4283	2.32
0.42832	2.72
0.42834	2.96
0.42836	3.12
0.42838	3.2
0.4284	3.2
0.42842	3.2
0.42844	3.2
0.42846	3.2
0.42848	3.2
0.4285	3.2
0.42852	3.2
0.42854	3.2
0.42856	3.2
0.42858	3.2
0.4286	3.2
0.42862	3.2
0.42864	3.2
0.42866	3.2
0.42868	3.2
0.4287	3.2
0.42872	3.2
0.42874	3.2
0.42876	3.2
0.42878	3.2
0.4288	2.96
0.42882	1.28
0.42884	-2.08
0.42886	-3.28
0.42888	-3.6
0.4289	-3.68
0.42892	-3.76
0.42894	-3.76
0.42896	-3.76
0.42898	-3.76