0.379	1.04
0.37902	1.04
0.37904	1.04
0.37906	1.04
0.37908	1.04
0.3791	1.04
0.37912	1.04
0.37914	1.04
0.37916	1.04
0.37918	1.04
0.3792	1.04
0.37922	1.04
0.37924	1.04
0.37926	1.04
0.37928	0.96
0.3793	-0.48
0.37932	-1.2
0.37934	-1.2
0.37936	-1.2
0.37938	-1.2
0.3794	-1.2
0.37942	-1.2
0.37944	-1.2
0.37946	-1.2
0.37948	-1.2
0.3795	-1.2
0.37952	-1.2
0.37954	-1.12
0.37956	-1.12
0.37958	-1.2
0.3796	-1.12
0.37962	-1.2
0.37964	-1.12
0.37966	-0.8
0.37968	-0.48
0.3797	-0.24
0.37972	-0.08
0.37974	0.08
0.37976	0.16
0.37978	0.16
0.3798	0.16
0.37982	0.16
0.37984	0
0.37986	-0.16
0.37988	-0.4
0.3799	-0.64
0.37992	-0.8
0.37994	-1.12
0.37996	-1.12
0.37998	-1.12
0.38	-1.12
0.38002	-1.12
0.38004	-1.2
0.38006	-1.12
0.38008	-1.12
0.3801	-1.12
0.38012	-1.12
0.38014	-1.12
0.38016	-1.12
0.38018	-1.12
0.3802	-1.2
0.38022	-1.12
0.38024	-1.12
0.38026	-1.12
0.38028	-1.12
0.3803	-1.12
0.38032	-1.12
0.38034	-1.12
0.38036	-1.04
0.38038	-0.8
0.3804	-0.56
0.38042	-0.32
0.38044	-0.08
0.38046	0.16
0.38048	0.48
0.3805	0.64
0.38052	0.72
0.38054	0.88
0.38056	0.96
0.38058	1.04
0.3806	1.04
0.38062	1.04
0.38064	1.04
0.38066	1.04
0.38068	1.04
0.3807	1.04
0.38072	1.04
0.38074	1.04
0.38076	1.04
0.38078	1.04
0.3808	1.04
0.38082	1.04
0.38084	1.04
0.38086	1.04
0.38088	1.04
0.3809	1.04
0.38092	1.04
0.38094	1.04
0.38096	1.04
0.38098	1.04
0.381	1.04
0.38102	1.04
0.38104	1.04
0.38106	1.04
0.38108	1.04
0.3811	1.04
0.38112	1.04
0.38114	1.04
0.38116	1.04
0.38118	1.04
0.3812	1.04
0.38122	1.04
0.38124	1.04
0.38126	1.04
0.38128	1.04
0.3813	1.04
0.38132	1.04
0.38134	1.04
0.38136	1.04
0.38138	1.04
0.3814	1.04
0.38142	0.96
0.38144	0.8
0.38146	0.08
0.38148	-0.88
0.3815	-1.2
0.38152	-1.2
0.38154	-1.12
0.38156	-1.12
0.38158	-1.04
0.3816	-0.8
0.38162	-0.64
0.38164	-0.4
0.38166	-0.16
0.38168	-0.08
0.3817	0.08
0.38172	0.16
0.38174	0.32
0.38176	0.4
0.38178	0.48
0.3818	0.56
0.38182	0.64
0.38184	0.72
0.38186	0.8
0.38188	0.8
0.3819	0.88
0.38192	0.88
0.38194	0.96
0.38196	0.96
0.38198	0.96
0.382	0.96
0.38202	1.04
0.38204	0.96
0.38206	1.04
0.38208	1.04
0.3821	1.04
0.38212	1.04
0.38214	1.04
0.38216	1.04
0.38218	1.04
0.3822	1.04
0.38222	1.04
0.38224	1.04
0.38226	1.04
0.38228	1.04
0.3823	1.04
0.38232	1.04
0.38234	1.04
0.38236	1.04
0.38238	1.04
0.3824	1.04
0.38242	1.04
0.38244	1.04
0.38246	1.04
0.38248	0.88
0.3825	-0.16
0.38252	-1.12
0.38254	-1.2
0.38256	-1.2
0.38258	-1.2
0.3826	-1.2
0.38262	-1.2
0.38264	-1.2
0.38266	-1.2
0.38268	-1.2
0.3827	-1.2
0.38272	-1.2
0.38274	-1.2
0.38276	-1.2
0.38278	-1.2
0.3828	-1.2
0.38282	-1.2
0.38284	-1.2
0.38286	-1.2
0.38288	-1.2
0.3829	-1.2
0.38292	-1.2
0.38294	-1.2
0.38296	-1.2
0.38298	-1.2
0.383	-1.2
0.38302	-1.2
0.38304	-1.2
0.38306	-1.2
0.38308	-1.12
0.3831	-1.2
0.38312	-1.12
0.38314	-1.2
0.38316	-1.12
0.38318	-1.12
0.3832	-1.2
0.38322	-1.12
0.38324	-1.12
0.38326	-1.2
0.38328	-1.12
0.3833	-1.2
0.38332	-1.12
0.38334	-1.2
0.38336	-1.2
0.38338	-1.12
0.3834	-1.2
0.38342	-1.12
0.38344	-1.12
0.38346	-1.2
0.38348	-1.12
0.3835	-1.12
0.38352	-1.12
0.38354	-0.88
0.38356	-0.16
0.38358	0.48
0.3836	0.8
0.38362	0.96
0.38364	1.04
0.38366	1.04
0.38368	1.04
0.3837	1.04
0.38372	1.04
0.38374	1.04
0.38376	1.04
0.38378	1.04
0.3838	1.04
0.38382	1.04
0.38384	1.04
0.38386	1.04
0.38388	1.04
0.3839	1.04
0.38392	1.04
0.38394	1.04
0.38396	1.04
0.38398	1.04
0.384	1.04
0.38402	1.04
0.38404	1.04
0.38406	1.04
0.38408	1.04
0.3841	1.04
0.38412	1.04
0.38414	0.96
0.38416	1.04
0.38418	1.04
0.3842	0.96
0.38422	1.04
0.38424	1.04
0.38426	1.04
0.38428	1.04
0.3843	1.04
0.38432	1.04
0.38434	1.04
0.38436	1.04
0.38438	1.04
0.3844	1.04
0.38442	1.04
0.38444	1.04
0.38446	1.04
0.38448	1.04
0.3845	0
0.38452	-1.12
0.38454	-1.2
0.38456	-1.2
0.38458	-1.12
0.3846	-1.2
0.38462	-1.2
0.38464	-1.2
0.38466	-1.2
0.38468	-1.2
0.3847	-1.2
0.38472	-1.2
0.38474	-1.2
0.38476	-1.12
0.38478	-1.2
0.3848	-1.2
0.38482	-1.2
0.38484	-1.2
0.38486	-1.2
0.38488	-1.12
0.3849	-1.2
0.38492	-1.2
0.38494	-1.12
0.38496	-1.2
0.38498	-1.2
0.385	-1.12
0.38502	-1.12
0.38504	-1.12
0.38506	-1.12
0.38508	-1.2
0.3851	-1.12
0.38512	-1.12
0.38514	-1.12
0.38516	-1.12
0.38518	-1.12
0.3852	-1.12
0.38522	-1.12
0.38524	-1.2
0.38526	-0.96
0.38528	-0.08
0.3853	0.72
0.38532	0.96
0.38534	1.04
0.38536	1.04
0.38538	1.04
0.3854	1.04
0.38542	1.04
0.38544	1.04
0.38546	1.04
0.38548	1.04
0.3855	1.04
0.38552	1.04
0.38554	1.04
0.38556	1.04
0.38558	1.04
0.3856	1.04
0.38562	1.04
0.38564	1.04
0.38566	1.04
0.38568	1.04
0.3857	1.04
0.38572	1.04
0.38574	1.04
0.38576	1.04
0.38578	1.04
0.3858	1.04
0.38582	1.04
0.38584	1.04
0.38586	1.04
0.38588	1.04
0.3859	1.04
0.38592	1.04
0.38594	1.04
0.38596	1.04
0.38598	1.04
0.386	1.04
0.38602	1.04
0.38604	1.04
0.38606	1.04
0.38608	1.04
0.3861	1.04
0.38612	1.04
0.38614	1.04
0.38616	1.04
0.38618	1.04
0.3862	1.04
0.38622	1.04
0.38624	1.04
0.38626	1.04
0.38628	1.04
0.3863	1.04
0.38632	1.04
0.38634	1.04
0.38636	0.96
0.38638	1.04
0.3864	1.04
0.38642	1.04
0.38644	1.04
0.38646	1.04
0.38648	1.04
0.3865	1.04
0.38652	-0.8
0.38654	-1.2
0.38656	-1.2
0.38658	-1.2
0.3866	-1.2
0.38662	-1.2
0.38664	-1.2
0.38666	-1.2
0.38668	-1.2
0.3867	-1.2
0.38672	-1.2
0.38674	-1.2
0.38676	-1.2
0.38678	-1.2
0.3868	-1.2
0.38682	-1.2
0.38684	-1.2
0.38686	-1.2
0.38688	-1.2
0.3869	-1.2
0.38692	-1.2
0.38694	-1.2
0.38696	-1.12
0.38698	-1.12
0.387	-1.2
0.38702	-1.2
0.38704	-1.2
0.38706	-1.2
0.38708	-1.12
0.3871	-1.2
0.38712	-1.2
0.38714	-1.12
0.38716	-1.2
0.38718	-1.12
0.3872	-1.2
0.38722	-1.12
0.38724	-1.12
0.38726	-1.12
0.38728	-1.12
0.3873	-1.2
0.38732	-1.12
0.38734	-1.2
0.38736	-1.2
0.38738	-1.2
0.3874	-1.12
0.38742	-1.12
0.38744	-1.12
0.38746	-1.12
0.38748	-1.12
0.3875	-1.12
0.38752	-1.12
0.38754	-1.12
0.38756	-1.12
0.38758	-1.12
0.3876	-1.12
0.38762	-1.12
0.38764	-1.12
0.38766	-1.12
0.38768	-1.12
0.3877	-1.12
0.38772	-1.12
0.38774	-1.12
0.38776	-1.2
0.38778	-1.12
0.3878	-1.12
0.38782	-1.12
0.38784	-1.12
0.38786	-1.12
0.38788	-1.12
0.3879	-1.12
0.38792	-1.12
0.38794	-1.12
0.38796	-1.12
0.38798	-1.12
0.388	-1.12
0.38802	-1.12
0.38804	-1.12
0.38806	-1.12
0.38808	-1.12
0.3881	-1.12
0.38812	-1.12
0.38814	-1.12
0.38816	-1.12
0.38818	-1.12
0.3882	-1.12
0.38822	-1.12
0.38824	-1.12
0.38826	-1.12
0.38828	-1.12
0.3883	-1.12
0.38832	-1.12
0.38834	-1.12
0.38836	-1.12
0.38838	-1.12
0.3884	-1.12
0.38842	-1.12
0.38844	-1.12
0.38846	-1.12
0.38848	-1.12
0.3885	-1.12
0.38852	-1.12
0.38854	-1.12
0.38856	-1.04
0.38858	-1.04
0.3886	-1.12
0.38862	-1.12
0.38864	-1.12
0.38866	-1.12
0.38868	-1.12
0.3887	-1.12
0.38872	-1.04
0.38874	-1.12
0.38876	-1.12
0.38878	-1.12
0.3888	-1.04
0.38882	-1.12
0.38884	-1.12
0.38886	-1.12
0.38888	-1.04
0.3889	-1.04
0.38892	-1.04
0.38894	-1.04
0.38896	-1.04
0.38898	-1.04
0.389	-1.04
0.38902	-1.04
0.38904	-1.04
0.38906	-1.04
0.38908	-1.04
0.3891	-1.04
0.38912	-0.48
0.38914	0.32
0.38916	0.88
0.38918	1.04
0.3892	1.04
0.38922	1.04
0.38924	1.04
0.38926	1.04
0.38928	1.04
0.3893	1.04
0.38932	1.04
0.38934	1.04
0.38936	1.04
0.38938	1.04
0.3894	1.04
0.38942	1.04
0.38944	1.04
0.38946	1.04
0.38948	1.04
0.3895	1.04
0.38952	1.04
0.38954	1.04
0.38956	1.04
0.38958	1.04
0.3896	1.04
0.38962	1.04
0.38964	1.04
0.38966	1.04
0.38968	1.04
0.3897	1.04
0.38972	1.04
0.38974	1.04
0.38976	1.04
0.38978	1.12
0.3898	1.04
0.38982	1.04
0.38984	1.04
0.38986	1.04
0.38988	1.04
0.3899	1.04
0.38992	1.04
0.38994	1.04
0.38996	1.04
0.38998	1.04
0.39	1.04
0.39002	1.04
0.39004	1.04
0.39006	1.04
0.39008	1.04
0.3901	1.04
0.39012	1.04
0.39014	1.04
0.39016	1.04
0.39018	1.04
0.3902	1.04
0.39022	1.04
0.39024	1.04
0.39026	1.04
0.39028	1.04
0.3903	1.04
0.39032	1.04
0.39034	1.04
0.39036	1.04
0.39038	1.04
0.3904	1.04
0.39042	1.04
0.39044	1.04
0.39046	1.04
0.39048	1.04
0.3905	1.04
0.39052	0.96
0.39054	1.04
0.39056	1.04
0.39058	1.04
0.3906	1.04
0.39062	1.04
0.39064	1.04
0.39066	1.04
0.39068	1.04
0.3907	1.04
0.39072	1.04
0.39074	1.04
0.39076	1.04
0.39078	1.04
0.3908	1.04
0.39082	1.04
0.39084	1.04
0.39086	1.04
0.39088	1.04
0.3909	1.04
0.39092	1.04
0.39094	1.04
0.39096	1.04
0.39098	1.04
0.391	1.04
0.39102	1.04
0.39104	1.04
0.39106	1.04
0.39108	1.04
0.3911	1.04
0.39112	1.04
0.39114	1.04
0.39116	1.04
0.39118	1.04
0.3912	1.04
0.39122	1.04
0.39124	1.04
0.39126	1.04
0.39128	1.04
0.3913	1.04
0.39132	1.04
0.39134	1.04
0.39136	0.96
0.39138	1.04
0.3914	1.04
0.39142	1.04
0.39144	1.04
0.39146	1.04
0.39148	1.04
0.3915	0.72
0.39152	-0.96
0.39154	-1.2
0.39156	-1.2
0.39158	-1.2
0.3916	-1.2
0.39162	-1.2
0.39164	-1.2
0.39166	-1.2
0.39168	-1.2
0.3917	-1.2
0.39172	-1.2
0.39174	-1.2
0.39176	-1.2
0.39178	-1.2
0.3918	-1.12
0.39182	-1.12
0.39184	-0.96
0.39186	-0.72
0.39188	-0.56
0.3919	-0.4
0.39192	-0.32
0.39194	-0.24
0.39196	-0.24
0.39198	-0.24
0.392	-0.32
0.39202	-0.4
0.39204	-0.56
0.39206	-0.72
0.39208	-0.96
0.3921	-1.12
0.39212	-1.2
0.39214	-1.2
0.39216	-1.2
0.39218	-1.2
0.3922	-1.12
0.39222	-1.2
0.39224	-1.12
0.39226	-1.2
0.39228	-1.12
0.3923	-1.2
0.39232	-1.12
0.39234	-1.2
0.39236	-1.12
0.39238	-1.2
0.3924	-1.12
0.39242	-1.2
0.39244	-1.12
0.39246	-1.12
0.39248	-1.12
0.3925	-1.12
0.39252	-1.04
0.39254	-0.64
0.39256	-0.16
0.39258	0.16
0.3926	0.48
0.39262	0.8
0.39264	0.88
0.39266	0.96
0.39268	1.04
0.3927	1.04
0.39272	1.04
0.39274	1.04
0.39276	1.04
0.39278	1.04
0.3928	1.04
0.39282	1.04
0.39284	1.04
0.39286	1.04
0.39288	1.04
0.3929	1.04
0.39292	1.04
0.39294	1.04
0.39296	1.04
0.39298	1.04
0.393	1.04
0.39302	1.04
0.39304	1.04
0.39306	1.04
0.39308	1.04
0.3931	1.04
0.39312	1.04
0.39314	1.04
0.39316	1.04
0.39318	1.04
0.3932	1.04
0.39322	1.04
0.39324	1.04
0.39326	1.04
0.39328	1.04
0.3933	1.04
0.39332	1.04
0.39334	1.04
0.39336	1.04
0.39338	1.04
0.3934	1.04
0.39342	1.04
0.39344	1.04
0.39346	1.04
0.39348	1.04
0.3935	1.04
0.39352	1.04
0.39354	1.04
0.39356	1.04
0.39358	0.96
0.3936	0.48
0.39362	-0.48
0.39364	-1.12
0.39366	-1.2
0.39368	-1.2
0.3937	-1.2
0.39372	-1.2
0.39374	-1.2
0.39376	-1.2
0.39378	-1.2
0.3938	-1.12
0.39382	-0.96
0.39384	-0.64
0.39386	-0.4
0.39388	-0.08
0.3939	0.16
0.39392	0.4
0.39394	0.56
0.39396	0.72
0.39398	0.88
0.394	0.96
0.39402	0.96
0.39404	1.04
0.39406	1.04
0.39408	1.04
0.3941	1.04
0.39412	1.04
0.39414	1.04
0.39416	1.04
0.39418	1.04
0.3942	1.04
0.39422	1.04
0.39424	1.04
0.39426	1.04
0.39428	1.04
0.3943	1.04
0.39432	1.04
0.39434	1.04
0.39436	1.04
0.39438	1.04
0.3944	1.04
0.39442	1.04
0.39444	1.04
0.39446	0.96
0.39448	1.04
0.3945	1.04
0.39452	1.04
0.39454	1.04
0.39456	1.04
0.39458	1.04
0.3946	0.96
0.39462	1.04
0.39464	0.96
0.39466	0.96
0.39468	0.48
0.3947	-0.88
0.39472	-1.2
0.39474	-1.2
0.39476	-1.2
0.39478	-1.2
0.3948	-1.2
0.39482	-1.2
0.39484	-1.2
0.39486	-1.2
0.39488	-1.2
0.3949	-1.2
0.39492	-1.2
0.39494	-1.2
0.39496	-1.2
0.39498	-1.2
0.395	-1.2
0.39502	-1.2
0.39504	-1.2
0.39506	-1.2
0.39508	-1.2
0.3951	-1.2
0.39512	-1.2
0.39514	-1.2
0.39516	-1.2
0.39518	-1.2
0.3952	-1.2
0.39522	-1.2
0.39524	-1.2
0.39526	-1.2
0.39528	-1.2
0.3953	-1.2
0.39532	-1.2
0.39534	-1.2
0.39536	-1.2
0.39538	-1.2
0.3954	-1.2
0.39542	-1.2
0.39544	-1.2
0.39546	-1.2
0.39548	-1.2
0.3955	-1.2
0.39552	-1.2
0.39554	-1.2
0.39556	-1.2
0.39558	-1.2
0.3956	-1.12
0.39562	-1.12
0.39564	-1.2
0.39566	-1.12
0.39568	-1.12
0.3957	-0.88
0.39572	-0.24
0.39574	0.32
0.39576	0.72
0.39578	0.88
0.3958	0.96
0.39582	1.04
0.39584	1.04
0.39586	1.04
0.39588	1.04
0.3959	1.04
0.39592	1.04
0.39594	1.04
0.39596	1.04
0.39598	1.04
0.396	1.04
0.39602	1.04
0.39604	1.04
0.39606	1.04
0.39608	1.04
0.3961	1.04
0.39612	1.04
0.39614	0.96
0.39616	1.04
0.39618	1.04
0.3962	1.04
0.39622	1.04
0.39624	1.04
0.39626	1.04
0.39628	1.04
0.3963	1.04
0.39632	1.04
0.39634	1.04
0.39636	1.04
0.39638	1.04
0.3964	1.04
0.39642	1.04
0.39644	1.04
0.39646	1.04
0.39648	1.04
0.3965	1.04
0.39652	1.04
0.39654	1.04
0.39656	1.04
0.39658	1.04
0.3966	1.04
0.39662	1.04
0.39664	1.04
0.39666	0.32
0.39668	-1.12
0.3967	-1.2
0.39672	-1.2
0.39674	-1.2
0.39676	-1.2
0.39678	-1.2
0.3968	-1.2
0.39682	-1.2
0.39684	-1.2
0.39686	-1.2
0.39688	-1.2
0.3969	-1.2
0.39692	-1.2
0.39694	-1.2
0.39696	-1.12
0.39698	-1.2
0.397	-1.2
0.39702	-1.2
0.39704	-1.2
0.39706	-1.2
0.39708	-1.2
0.3971	-1.2
0.39712	-1.2
0.39714	-1.2
0.39716	-1.2
0.39718	-1.2
0.3972	-1.2
0.39722	-1.2
0.39724	-1.2
0.39726	-1.2
0.39728	-1.2
0.3973	-1.12
0.39732	-1.12
0.39734	-1.12
0.39736	-1.12
0.39738	-1.2
0.3974	-1.12
0.39742	-1.12
0.39744	-0.56
0.39746	0.32
0.39748	0.88
0.3975	1.04
0.39752	1.04
0.39754	1.04
0.39756	1.04
0.39758	1.04
0.3976	1.04
0.39762	1.04
0.39764	1.04
0.39766	1.04
0.39768	1.04
0.3977	1.04
0.39772	1.04
0.39774	1.04
0.39776	1.04
0.39778	1.04
0.3978	1.04
0.39782	1.04
0.39784	0.96
0.39786	1.04
0.39788	1.04
0.3979	1.04
0.39792	1.04
0.39794	1.04
0.39796	1.04
0.39798	1.04
0.398	1.04
0.39802	1.04
0.39804	1.04
0.39806	1.04
0.39808	1.04
0.3981	1.04
0.39812	1.04
0.39814	1.04
0.39816	1.04
0.39818	1.04
0.3982	1.04
0.39822	1.04
0.39824	1.04
0.39826	1.04
0.39828	1.04
0.3983	1.04
0.39832	1.04
0.39834	1.04
0.39836	1.04
0.39838	1.04
0.3984	1.04
0.39842	1.04
0.39844	1.04
0.39846	1.04
0.39848	1.04
0.3985	1.04
0.39852	1.04
0.39854	1.04
0.39856	1.04
0.39858	1.04
0.3986	0.96
0.39862	1.04
0.39864	1.04
0.39866	1.04
0.39868	0.88
0.3987	-1.04
0.39872	-1.2
0.39874	-1.2
0.39876	-1.2
0.39878	-1.2
0.3988	-1.2
0.39882	-1.2
0.39884	-1.2
0.39886	-1.2
0.39888	-1.2
0.3989	-1.2
0.39892	-1.2
0.39894	-1.2
0.39896	-1.2
0.39898	-1.2
0.399	-1.2
0.39902	-1.2
0.39904	-1.2
0.39906	-1.2
0.39908	-1.2
0.3991	-1.2
0.39912	-1.2
0.39914	-1.2
0.39916	-1.2
0.39918	-1.2
0.3992	-1.2
0.39922	-1.12
0.39924	-1.2
0.39926	-1.2
0.39928	-1.2
0.3993	-1.12
0.39932	-1.2
0.39934	-1.2
0.39936	-1.2
0.39938	-1.12
0.3994	-1.2
0.39942	-1.2
0.39944	-1.2
0.39946	-1.2
0.39948	-1.12
0.3995	-1.2
0.39952	-1.12
0.39954	-1.2
0.39956	-1.12
0.39958	-1.12
0.3996	-1.12
0.39962	-1.12
0.39964	-1.12
0.39966	-1.12
0.39968	-1.12
0.3997	-1.12
0.39972	-1.12
0.39974	-1.2
0.39976	-1.12
0.39978	-1.12
0.3998	-1.12
0.39982	-1.12
0.39984	-1.12
0.39986	-1.12
0.39988	-1.12
0.3999	-1.12
0.39992	-1.12
0.39994	-1.12
0.39996	-1.12
0.39998	-1.12
0.4	-1.12
0.40002	-1.2
0.40004	-1.12
0.40006	-1.12
0.40008	-1.12
0.4001	-1.12
0.40012	-1.12
0.40014	-1.12
0.40016	-1.12
0.40018	-1.12
0.4002	-1.12
0.40022	-1.12
0.40024	-1.12
0.40026	-1.12
0.40028	-1.12
0.4003	-1.12
0.40032	-1.12
0.40034	-1.12
0.40036	-1.12
0.40038	-1.12
0.4004	-1.12
0.40042	-1.12
0.40044	-1.12
0.40046	-1.12
0.40048	-1.12
0.4005	-1.12
0.40052	-1.12
0.40054	-1.12
0.40056	-1.12
0.40058	-1.12
0.4006	-1.04
0.40062	-1.12
0.40064	-1.12
0.40066	-1.12
0.40068	-1.12
0.4007	-1.12
0.40072	-1.12
0.40074	-1.04
0.40076	-1.12
0.40078	-1.12
0.4008	-1.04
0.40082	-1.04
0.40084	-1.12
0.40086	-1.12
0.40088	-1.04
0.4009	-1.04
0.40092	-1.12
0.40094	-1.04
0.40096	-1.04
0.40098	-1.04
0.401	-1.04
0.40102	-1.04
0.40104	-1.04
0.40106	-1.04
0.40108	-1.04
0.4011	-1.04
0.40112	-1.04
0.40114	-1.12
0.40116	-1.04
0.40118	-1.04
0.4012	-1.04
0.40122	-1.04
0.40124	-1.04
0.40126	-1.04
0.40128	-1.04
0.4013	-1.04
0.40132	-0.64
0.40134	0.24
0.40136	0.8
0.40138	0.96
0.4014	1.04
0.40142	1.04
0.40144	1.04
0.40146	1.04
0.40148	1.04
0.4015	1.12
0.40152	1.12
0.40154	1.04
0.40156	1.04
0.40158	1.04
0.4016	1.12
0.40162	1.04
0.40164	1.04
0.40166	1.04
0.40168	1.04
0.4017	1.04
0.40172	1.12
0.40174	1.04
0.40176	1.12
0.40178	1.12
0.4018	1.04
0.40182	1.04
0.40184	1.04
0.40186	1.04
0.40188	1.04
0.4019	1.04
0.40192	1.04
0.40194	1.04
0.40196	1.04
0.40198	1.04
0.402	1.04
0.40202	1.04
0.40204	1.04
0.40206	1.04
0.40208	1.04
0.4021	1.04
0.40212	1.04
0.40214	1.04
0.40216	1.04
0.40218	1.04
0.4022	1.04
0.40222	1.04
0.40224	1.04
0.40226	1.04
0.40228	1.04
0.4023	1.04
0.40232	1.04
0.40234	1.04
0.40236	1.04
0.40238	1.04
0.4024	1.04
0.40242	1.04
0.40244	1.04
0.40246	1.04
0.40248	1.04
0.4025	1.04
0.40252	1.04
0.40254	1.04
0.40256	1.04
0.40258	1.04
0.4026	1.04
0.40262	1.04
0.40264	1.04
0.40266	1.04
0.40268	1.04
0.4027	1.04
0.40272	1.04
0.40274	1.04
0.40276	1.04
0.40278	1.04
0.4028	1.04
0.40282	1.04
0.40284	1.04
0.40286	1.04
0.40288	1.04
0.4029	1.04
0.40292	1.04
0.40294	1.04
0.40296	1.04
0.40298	1.04
0.403	1.04
0.40302	1.04
0.40304	1.04
0.40306	1.04
0.40308	1.04
0.4031	1.04
0.40312	1.04
0.40314	1.04
0.40316	1.04
0.40318	1.04
0.4032	1.04
0.40322	1.04
0.40324	1.04
0.40326	1.04
0.40328	1.04
0.4033	0.96
0.40332	1.04
0.40334	1.04
0.40336	1.04
0.40338	1.04
0.4034	1.04
0.40342	1.04
0.40344	1.04
0.40346	1.04
0.40348	0.96
0.4035	1.04
0.40352	1.04
0.40354	1.04
0.40356	1.04
0.40358	1.04
0.4036	1.04
0.40362	1.04
0.40364	1.04
0.40366	1.04
0.40368	0.96
0.4037	0.96
0.40372	0.96
0.40374	-0.24
0.40376	-1.12
0.40378	-1.2
0.4038	-1.2
0.40382	-1.2
0.40384	-1.2
0.40386	-1.2
0.40388	-1.2
0.4039	-1.12
0.40392	-1.12
0.40394	-1.12
0.40396	-1.04
0.40398	-0.88
0.404	-0.72
0.40402	-0.72
0.40404	-0.72
0.40406	-0.8
0.40408	-0.88
0.4041	-1.04
0.40412	-1.12
0.40414	-1.2
0.40416	-1.2
0.40418	-1.12
0.4042	-1.2
0.40422	-1.12
0.40424	-1.12
0.40426	-1.12
0.40428	-1.2
0.4043	-1.2
0.40432	-1.12
0.40434	-1.12
0.40436	-1.12
0.40438	-1.2
0.4044	-1.12
0.40442	-1.12
0.40444	-1.2
0.40446	-1.12
0.40448	-1.12
0.4045	-1.12
0.40452	-1.2
0.40454	-1.12
0.40456	-1.12
0.40458	-1.12
0.4046	-1.12
0.40462	-1.12
0.40464	-1.04
0.40466	-0.72
0.40468	-0.24
0.4047	0.16
0.40472	0.48
0.40474	0.72
0.40476	0.88
0.40478	0.96
0.4048	0.96
0.40482	1.04
0.40484	0.96
0.40486	1.04
0.40488	1.04
0.4049	1.04
0.40492	1.04
0.40494	1.04
0.40496	1.04
0.40498	1.04
0.405	1.04
0.40502	1.04
0.40504	1.04
0.40506	1.04
0.40508	1.04
0.4051	1.04
0.40512	1.04
0.40514	1.04
0.40516	1.04
0.40518	1.04
0.4052	1.04
0.40522	1.04
0.40524	1.04
0.40526	1.04
0.40528	1.04
0.4053	1.04
0.40532	1.04
0.40534	1.04
0.40536	0.96
0.40538	1.04
0.4054	1.04
0.40542	1.04
0.40544	1.04
0.40546	1.04
0.40548	1.04
0.4055	1.04
0.40552	1.04
0.40554	1.04
0.40556	1.04
0.40558	1.04
0.4056	1.04
0.40562	1.04
0.40564	1.04
0.40566	1.04
0.40568	0.88
0.4057	0.16
0.40572	-1.04
0.40574	-1.2
0.40576	-1.2
0.40578	-1.12
0.4058	-1.12
0.40582	-1.2
0.40584	-1.2
0.40586	-1.2
0.40588	-1.12
0.4059	-0.96
0.40592	-0.72
0.40594	-0.4
0.40596	-0.08
0.40598	0.16
0.406	0.32
0.40602	0.48
0.40604	0.64
0.40606	0.8
0.40608	0.88
0.4061	0.96
0.40612	0.96
0.40614	0.96
0.40616	0.96
0.40618	0.96
0.4062	0.96
0.40622	1.04
0.40624	1.04
0.40626	1.04
0.40628	1.04
0.4063	1.04
0.40632	0.96
0.40634	1.04
0.40636	1.04
0.40638	1.04
0.4064	1.04
0.40642	1.04
0.40644	1.04
0.40646	1.04
0.40648	1.04
0.4065	1.04
0.40652	1.04
0.40654	1.04
0.40656	1.04
0.40658	1.04
0.4066	0.96
0.40662	1.04
0.40664	1.04
0.40666	1.04
0.40668	0.96
0.4067	1.04
0.40672	1.04
0.40674	1.04
0.40676	1.04
0.40678	1.04
0.4068	0.96
0.40682	0.96
0.40684	0.96
0.40686	0.88
0.40688	0.48
0.4069	-0.32
0.40692	-1.12
0.40694	-1.2
0.40696	-1.2
0.40698	-1.2
0.407	-1.2
0.40702	-1.2
0.40704	-1.2
0.40706	-1.2
0.40708	-1.2
0.4071	-1.2
0.40712	-1.2
0.40714	-1.2
0.40716	-1.2
0.40718	-1.2
0.4072	-1.2
0.40722	-1.2
0.40724	-1.2
0.40726	-1.2
0.40728	-1.2
0.4073	-1.2
0.40732	-1.2
0.40734	-1.2
0.40736	-1.2
0.40738	-1.2
0.4074	-1.2
0.40742	-1.2
0.40744	-1.2
0.40746	-1.2
0.40748	-1.2
0.4075	-1.2
0.40752	-1.2
0.40754	-1.2
0.40756	-1.2
0.40758	-1.2
0.4076	-1.2
0.40762	-1.2
0.40764	-1.2
0.40766	-1.2
0.40768	-1.12
0.4077	-1.2
0.40772	-1.2
0.40774	-1.2
0.40776	-1.2
0.40778	-1.2
0.4078	-1.2
0.40782	-1.2
0.40784	-1.2
0.40786	-1.12
0.40788	-1.12
0.4079	-0.88
0.40792	-0.08
0.40794	0.56
0.40796	0.88
0.40798	1.04
0.408	1.04
0.40802	1.04
0.40804	1.04
0.40806	0.96
0.40808	1.04
0.4081	1.04
0.40812	1.04
0.40814	1.04
0.40816	1.04
0.40818	1.04
0.4082	1.04
0.40822	1.04
0.40824	1.04
0.40826	1.04
0.40828	1.04
0.4083	1.04
0.40832	0.96
0.40834	1.04
0.40836	1.04
0.40838	1.04
0.4084	1.04
0.40842	1.04
0.40844	1.04
0.40846	1.04
0.40848	1.04
0.4085	1.04
0.40852	1.04
0.40854	1.04
0.40856	1.04
0.40858	0.96
0.4086	1.04
0.40862	1.04
0.40864	1.04
0.40866	1.04
0.40868	1.04
0.4087	1.04
0.40872	1.04
0.40874	1.04
0.40876	0.96
0.40878	1.04
0.4088	1.04
0.40882	1.04
0.40884	-0.4
0.40886	-1.2
0.40888	-1.2
0.4089	-1.2
0.40892	-1.2
0.40894	-1.2
0.40896	-1.2
0.40898	-1.2
0.409	-1.2
0.40902	-1.2
0.40904	-1.2
0.40906	-1.2
0.40908	-1.2
0.4091	-1.2
0.40912	-1.2
0.40914	-1.2
0.40916	-1.2
0.40918	-1.2
0.4092	-1.2
0.40922	-1.2
0.40924	-1.2
0.40926	-1.2
0.40928	-1.2
0.4093	-1.2
0.40932	-1.2
0.40934	-1.2
0.40936	-1.2
0.40938	-1.2
0.4094	-1.2
0.40942	-1.12
0.40944	-1.2
0.40946	-1.2
0.40948	-1.2
0.4095	-1.2
0.40952	-1.2
0.40954	-1.2
0.40956	-1.12
0.40958	-1.12
0.4096	-1.12
0.40962	-0.48
0.40964	0.4
0.40966	0.88
0.40968	0.96
0.4097	1.04
0.40972	1.04
0.40974	1.04
0.40976	1.04
0.40978	1.04
0.4098	1.04
0.40982	1.04
0.40984	1.04
0.40986	1.04
0.40988	1.04
0.4099	1.04
0.40992	1.04
0.40994	1.04
0.40996	1.04
0.40998	1.04
0.41	1.04
0.41002	1.04
0.41004	1.04
0.41006	1.04
0.41008	1.04
0.4101	1.04
0.41012	1.04
0.41014	1.04
0.41016	1.04
0.41018	1.04
0.4102	1.04
0.41022	1.04
0.41024	1.04
0.41026	1.04
0.41028	1.04
0.4103	1.04
0.41032	1.04
0.41034	1.04
0.41036	1.04
0.41038	1.04
0.4104	0.96
0.41042	1.04
0.41044	0.96
0.41046	1.04
0.41048	0.96
0.4105	1.04
0.41052	1.04
0.41054	1.04
0.41056	1.04
0.41058	0.96
0.4106	1.04
0.41062	1.04
0.41064	1.04
0.41066	1.04
0.41068	1.04
0.4107	1.04
0.41072	1.04
0.41074	1.04
0.41076	0.96
0.41078	1.04
0.4108	1.04
0.41082	1.04
0.41084	1.04
0.41086	0.96
0.41088	-0.64
0.4109	-1.2
0.41092	-1.2
0.41094	-1.2
0.41096	-1.2
0.41098	-1.2
0.411	-1.2
0.41102	-1.2
0.41104	-1.2
0.41106	-1.2
0.41108	-1.2
0.4111	-1.2
0.41112	-1.2
0.41114	-1.2
0.41116	-1.2
0.41118	-1.2
0.4112	-1.2
0.41122	-1.2
0.41124	-1.2
0.41126	-1.2
0.41128	-1.2
0.4113	-1.2
0.41132	-1.2
0.41134	-1.2
0.41136	-1.2
0.41138	-1.2
0.4114	-1.2
0.41142	-1.2
0.41144	-1.2
0.41146	-1.2
0.41148	-1.2
0.4115	-1.2
0.41152	-1.2
0.41154	-1.2
0.41156	-1.12
0.41158	-1.2
0.4116	-1.12
0.41162	-1.2
0.41164	-1.2
0.41166	-1.2
0.41168	-1.2
0.4117	-1.12
0.41172	-1.2
0.41174	-1.2
0.41176	-1.12
0.41178	-1.2
0.4118	-1.2
0.41182	-1.2
0.41184	-1.2
0.41186	-1.12
0.41188	-1.12
0.4119	-1.2
0.41192	-1.12
0.41194	-1.12
0.41196	-1.12
0.41198	-1.12
0.412	-1.2
0.41202	-1.2
0.41204	-1.2
0.41206	-1.12
0.41208	-1.12
0.4121	-1.12
0.41212	-1.12
0.41214	-1.12
0.41216	-1.12
0.41218	-1.12
0.4122	-1.2
0.41222	-1.12
0.41224	-1.2
0.41226	-1.12
0.41228	-1.12
0.4123	-1.12
0.41232	-1.12
0.41234	-1.12
0.41236	-1.12
0.41238	-1.12
0.4124	-1.12
0.41242	-1.12
0.41244	-1.12
0.41246	-1.12
0.41248	-1.12
0.4125	-1.12
0.41252	-1.12
0.41254	-1.12
0.41256	-1.12
0.41258	-1.12
0.4126	-1.12
0.41262	-1.12
0.41264	-1.12
0.41266	-1.12
0.41268	-1.12
0.4127	-1.04
0.41272	-1.12
0.41274	-1.12
0.41276	-1.12
0.41278	-1.12
0.4128	-1.12
0.41282	-1.12
0.41284	-1.04
0.41286	-1.12
0.41288	-1.12
0.4129	-1.12
0.41292	-1.12
0.41294	-1.12
0.41296	-1.12
0.41298	-1.12
0.413	-1.12
0.41302	-1.12
0.41304	-1.12
0.41306	-1.12
0.41308	-1.12
0.4131	-1.12
0.41312	-1.12
0.41314	-1.04
0.41316	-1.04
0.41318	-1.12
0.4132	-1.04
0.41322	-1.04
0.41324	-1.04
0.41326	-1.12
0.41328	-1.12
0.4133	-1.04
0.41332	-1.04
0.41334	-1.04
0.41336	-1.12
0.41338	-1.12
0.4134	-1.12
0.41342	-1.12
0.41344	-1.04
0.41346	-1.12
0.41348	-1.04
0.4135	-1.04
0.41352	-0.4
0.41354	0.48
0.41356	0.96
0.41358	1.04
0.4136	1.04
0.41362	1.04
0.41364	1.04
0.41366	1.04
0.41368	1.04
0.4137	1.04
0.41372	1.04
0.41374	1.04
0.41376	1.12
0.41378	1.04
0.4138	1.04
0.41382	1.04
0.41384	1.04
0.41386	1.04
0.41388	1.04
0.4139	1.04
0.41392	1.04
0.41394	1.04
0.41396	1.04
0.41398	1.04
0.414	1.04
0.41402	1.04
0.41404	1.04
0.41406	1.04
0.41408	1.04
0.4141	1.04
0.41412	1.04
0.41414	1.04
0.41416	1.04
0.41418	1.04
0.4142	1.04
0.41422	1.04
0.41424	1.04
0.41426	1.04
0.41428	1.04
0.4143	1.04
0.41432	1.04
0.41434	1.04
0.41436	1.04
0.41438	1.04
0.4144	1.04
0.41442	1.04
0.41444	1.04
0.41446	1.04
0.41448	1.04
0.4145	1.04
0.41452	1.04
0.41454	1.04
0.41456	1.04
0.41458	1.04
0.4146	1.04
0.41462	1.04
0.41464	1.04
0.41466	1.04
0.41468	1.04
0.4147	1.04
0.41472	1.04
0.41474	1.04
0.41476	1.04
0.41478	1.04
0.4148	1.04
0.41482	1.04
0.41484	1.04
0.41486	1.04
0.41488	1.04
0.4149	1.04
0.41492	1.04
0.41494	1.04
0.41496	1.04
0.41498	1.04
0.415	1.04
0.41502	1.04
0.41504	1.04
0.41506	1.04
0.41508	1.04
0.4151	1.04
0.41512	1.04
0.41514	1.04
0.41516	1.04
0.41518	1.04
0.4152	1.04
0.41522	1.04
0.41524	1.04
0.41526	1.04
0.41528	1.04
0.4153	1.04
0.41532	1.04
0.41534	1.04
0.41536	1.04
0.41538	1.04
0.4154	1.04
0.41542	0.96
0.41544	1.04
0.41546	1.04
0.41548	1.04
0.4155	1.04
0.41552	1.04
0.41554	1.04
0.41556	1.04
0.41558	1.04
0.4156	1.04
0.41562	1.04
0.41564	1.04
0.41566	1.04
0.41568	1.04
0.4157	1.04
0.41572	1.04
0.41574	1.04
0.41576	1.04
0.41578	1.04
0.4158	1.04
0.41582	1.04
0.41584	1.04
0.41586	1.04
0.41588	1.04
0.4159	1.04
0.41592	1.04
0.41594	1.04
0.41596	1.04
0.41598	0.96
0.416	0.56
0.41602	-0.64
0.41604	-1.2
0.41606	-1.2
0.41608	-1.2
0.4161	-1.12
0.41612	-1.2
0.41614	-1.12
0.41616	-1.2
0.41618	-1.2
0.4162	-1.2
0.41622	-1.2
0.41624	-1.12
0.41626	-1.2
0.41628	-1.12
0.4163	-1.2
0.41632	-1.12
0.41634	-1.12
0.41636	-1.2
0.41638	-1.2
0.4164	-1.2
0.41642	-1.2
0.41644	-1.2
0.41646	-1.2
0.41648	-1.12
0.4165	-1.12
0.41652	-1.12
0.41654	-1.2
0.41656	-1.12
0.41658	-1.12
0.4166	-1.12
0.41662	-1.12
0.41664	-1.12
0.41666	-1.12
0.41668	-1.12
0.4167	-1.12
0.41672	-1.2
0.41674	-1.12
0.41676	-1.12
0.41678	-1.12
0.4168	-1.12
0.41682	-0.96
0.41684	-0.64
0.41686	-0.4
0.41688	-0.08
0.4169	0.16
0.41692	0.32
0.41694	0.48
0.41696	0.64
0.41698	0.8
0.417	0.88
0.41702	0.96
0.41704	0.96
0.41706	0.96
0.41708	0.96
0.4171	1.04
0.41712	1.04
0.41714	1.04
0.41716	1.04
0.41718	1.04
0.4172	1.04
0.41722	1.04
0.41724	1.04
0.41726	1.04
0.41728	1.04
0.4173	1.04
0.41732	1.04
0.41734	1.04
0.41736	1.04
0.41738	1.04
0.4174	1.04
0.41742	1.04
0.41744	1.04
0.41746	1.04
0.41748	1.04
0.4175	1.04
0.41752	1.04
0.41754	1.04
0.41756	1.04
0.41758	1.04
0.4176	1.04
0.41762	1.04
0.41764	1.04
0.41766	1.04
0.41768	1.04
0.4177	1.04
0.41772	1.04
0.41774	1.04
0.41776	0.96
0.41778	0.48
0.4178	-0.88
0.41782	-1.12
0.41784	-1.2
0.41786	-1.2
0.41788	-1.2
0.4179	-1.2
0.41792	-1.2
0.41794	-1.2
0.41796	-1.2
0.41798	-1.12
0.418	-0.88
0.41802	-0.56
0.41804	-0.24
0.41806	0.08
0.41808	0.32
0.4181	0.48
0.41812	0.64
0.41814	0.72
0.41816	0.88
0.41818	0.96
0.4182	0.96
0.41822	0.96
0.41824	0.96
0.41826	0.96
0.41828	0.96
0.4183	0.96
0.41832	1.04
0.41834	1.04
0.41836	1.04
0.41838	0.96
0.4184	0.96
0.41842	0.96
0.41844	0.96
0.41846	0.96
0.41848	0.96
0.4185	0.96
0.41852	0.96
0.41854	0.96
0.41856	0.96
0.41858	0.96
0.4186	0.96
0.41862	1.04
0.41864	1.04
0.41866	1.04
0.41868	1.04
0.4187	1.04
0.41872	1.04
0.41874	1.04
0.41876	1.04
0.41878	1.04
0.4188	1.04
0.41882	1.04
0.41884	1.04
0.41886	1.04
0.41888	1.04
0.4189	0.96
0.41892	1.04
0.41894	1.04
0.41896	0.96
0.41898	1.04
0.419	0.96
0.41902	0.96
0.41904	1.04
0.41906	0.96
0.41908	0.24
0.4191	-1.12
0.41912	-1.2
0.41914	-1.2
0.41916	-1.2
0.41918	-1.2
0.4192	-1.2
0.41922	-1.2
0.41924	-1.2
0.41926	-1.2
0.41928	-1.2
0.4193	-1.2
0.41932	-1.2
0.41934	-1.2
0.41936	-1.2
0.41938	-1.2
0.4194	-1.2
0.41942	-1.2
0.41944	-1.2
0.41946	-1.2
0.41948	-1.2
0.4195	-1.2
0.41952	-1.2
0.41954	-1.2
0.41956	-1.2
0.41958	-1.2
0.4196	-1.2
0.41962	-1.2
0.41964	-1.2
0.41966	-1.2
0.41968	-1.2
0.4197	-1.2
0.41972	-1.2
0.41974	-1.12
0.41976	-1.2
0.41978	-1.2
0.4198	-1.2
0.41982	-1.2
0.41984	-1.2
0.41986	-1.2
0.41988	-1.12
0.4199	-1.2
0.41992	-1.2
0.41994	-1.12
0.41996	-1.12
0.41998	-1.2
0.42	-1.2
0.42002	-1.12
0.42004	-1.12
0.42006	-1.04
0.42008	-0.48
0.4201	0.24
0.42012	0.72
0.42014	0.96
0.42016	1.04
0.42018	1.04
0.4202	1.04
0.42022	1.04
0.42024	1.04
0.42026	1.04
0.42028	1.04
0.4203	1.04
0.42032	1.04
0.42034	1.04
0.42036	1.04
0.42038	1.04
0.4204	1.04
0.42042	1.04
0.42044	1.04
0.42046	1.04
0.42048	1.04
0.4205	1.04
0.42052	1.04
0.42054	1.04
0.42056	1.04
0.42058	1.04
0.4206	1.04
0.42062	1.04
0.42064	1.04
0.42066	1.04
0.42068	1.04
0.4207	1.04
0.42072	1.04
0.42074	1.04
0.42076	1.04
0.42078	1.04
0.4208	1.04
0.42082	1.04
0.42084	1.04
0.42086	1.04
0.42088	1.04
0.4209	1.04
0.42092	1.04
0.42094	1.04
0.42096	1.04
0.42098	1.04
0.421	0.96
0.42102	-0.88
0.42104	-1.2
0.42106	-1.2
0.42108	-1.2
0.4211	-1.2
0.42112	-1.2
0.42114	-1.2
0.42116	-1.2
0.42118	-1.2
0.4212	-1.2
0.42122	-1.2
0.42124	-1.2
0.42126	-1.2
0.42128	-1.2
0.4213	-1.2
0.42132	-1.2
0.42134	-1.2
0.42136	-1.2
0.42138	-1.2
0.4214	-1.2
0.42142	-1.2
0.42144	-1.2
0.42146	-1.2
0.42148	-1.2
0.4215	-1.2
0.42152	-1.2
0.42154	-1.2
0.42156	-1.2
0.42158	-1.2
0.4216	-1.2
0.42162	-1.2
0.42164	-1.12
0.42166	-1.12
0.42168	-1.2
0.4217	-1.2
0.42172	-1.12
0.42174	-1.2
0.42176	-1.12
0.42178	-1.12
0.4218	-1.12
0.42182	-0.4
0.42184	0.48
0.42186	0.88
0.42188	1.04
0.4219	1.04
0.42192	1.04
0.42194	1.04
0.42196	1.04
0.42198	1.04
0.422	1.04
0.42202	1.04
0.42204	1.04
0.42206	1.04
0.42208	1.04
0.4221	1.04
0.42212	1.04
0.42214	1.04
0.42216	1.04
0.42218	1.04
0.4222	1.04
0.42222	1.04
0.42224	1.04
0.42226	1.04
0.42228	1.04
0.4223	1.04
0.42232	1.04
0.42234	1.04
0.42236	1.04
0.42238	1.04
0.4224	1.04
0.42242	1.04
0.42244	1.04
0.42246	1.04
0.42248	1.04
0.4225	1.04
0.42252	1.04
0.42254	1.04
0.42256	1.04
0.42258	1.04
0.4226	1.04
0.42262	1.04
0.42264	1.04
0.42266	1.04
0.42268	1.04
0.4227	1.04
0.42272	1.04
0.42274	1.04
0.42276	1.04
0.42278	1.04
0.4228	1.04
0.42282	1.04
0.42284	1.04
0.42286	1.04
0.42288	1.04
0.4229	1.04
0.42292	1.04
0.42294	1.04
0.42296	0.96
0.42298	1.04
0.423	1.04
0.42302	1.04
0.42304	1.04
0.42306	-0.08
0.42308	-1.12
0.4231	-1.2
0.42312	-1.2
0.42314	-1.2
0.42316	-1.2
0.42318	-1.2
0.4232	-1.2
0.42322	-1.2
0.42324	-1.2
0.42326	-1.2
0.42328	-1.2
0.4233	-1.2
0.42332	-1.2
0.42334	-1.2
0.42336	-1.2
0.42338	-1.2
0.4234	-1.2
0.42342	-1.2
0.42344	-1.2
0.42346	-1.2
0.42348	-1.2
0.4235	-1.2
0.42352	-1.2
0.42354	-1.2
0.42356	-1.2
0.42358	-1.2
0.4236	-1.2
0.42362	-1.2
0.42364	-1.2
0.42366	-1.2
0.42368	-1.2
0.4237	-1.2
0.42372	-1.2
0.42374	-1.2
0.42376	-1.2
0.42378	-1.12
0.4238	-1.2
0.42382	-1.2
0.42384	-1.12
0.42386	-1.2
0.42388	-1.2
0.4239	-1.2
0.42392	-1.12
0.42394	-1.12
0.42396	-1.2
0.42398	-1.12
0.424	-1.2
0.42402	-1.12
0.42404	-1.2
0.42406	-1.12
0.42408	-1.2
0.4241	-1.12
0.42412	-1.2
0.42414	-1.12
0.42416	-1.12
0.42418	-1.12
0.4242	-1.12
0.42422	-1.12
0.42424	-1.12
0.42426	-1.12
0.42428	-1.2
0.4243	-1.12
0.42432	-1.12
0.42434	-1.12
0.42436	-1.12
0.42438	-1.12
0.4244	-1.12
0.42442	-1.2
0.42444	-1.12
0.42446	-1.12
0.42448	-1.12
0.4245	-1.12
0.42452	-1.12
0.42454	-1.2
0.42456	-1.12
0.42458	-1.12
0.4246	-1.12
0.42462	-1.12
0.42464	-1.2
0.42466	-1.12
0.42468	-1.12
0.4247	-1.12
0.42472	-1.12
0.42474	-1.12
0.42476	-1.12
0.42478	-1.12
0.4248	-1.12
0.42482	-1.12
0.42484	-1.12
0.42486	-1.12
0.42488	-1.12
0.4249	-1.12
0.42492	-1.12
0.42494	-1.12
0.42496	-1.12
0.42498	-1.12
0.425	-1.12
0.42502	-1.12
0.42504	-1.12
0.42506	-1.12
0.42508	-1.12
0.4251	-1.12
0.42512	-1.12
0.42514	-1.12
0.42516	-1.12
0.42518	-1.12
0.4252	-1.12
0.42522	-1.12
0.42524	-1.04
0.42526	-1.12
0.42528	-1.12
0.4253	-1.12
0.42532	-1.12
0.42534	-1.12
0.42536	-1.12
0.42538	-1.12
0.4254	-1.04
0.42542	-1.12
0.42544	-1.12
0.42546	-1.12
0.42548	-1.12
0.4255	-1.04
0.42552	-1.04
0.42554	-1.12
0.42556	-1.04
0.42558	-1.12
0.4256	-1.04
0.42562	-1.04
0.42564	-1.04
0.42566	-1.04
0.42568	-1.04
0.4257	-0.8
0.42572	0.08
0.42574	0.8
0.42576	0.96
0.42578	1.04
0.4258	1.04
0.42582	1.04
0.42584	1.04
0.42586	1.04
0.42588	1.04
0.4259	1.04
0.42592	1.04
0.42594	1.04
0.42596	1.04
0.42598	1.04
0.426	1.04
0.42602	1.04
0.42604	1.04
0.42606	1.04
0.42608	1.04
0.4261	1.04
0.42612	1.04
0.42614	1.04
0.42616	1.04
0.42618	1.04
0.4262	1.04
0.42622	1.04
0.42624	1.04
0.42626	1.04
0.42628	1.04
0.4263	0.96
0.42632	1.04
0.42634	1.04
0.42636	1.04
0.42638	1.04
0.4264	1.04
0.42642	1.04
0.42644	1.04
0.42646	1.04
0.42648	1.04
0.4265	1.04
0.42652	1.04
0.42654	1.04
0.42656	1.04
0.42658	1.04
0.4266	1.04
0.42662	1.04
0.42664	1.04
0.42666	1.04
0.42668	1.04
0.4267	1.04
0.42672	1.04
0.42674	1.04
0.42676	1.04
0.42678	1.04
0.4268	1.04
0.42682	1.04
0.42684	1.04
0.42686	1.04
0.42688	1.04
0.4269	1.04
0.42692	1.04
0.42694	1.04
0.42696	1.04
0.42698	1.04
0.427	1.04
0.42702	1.04
0.42704	1.04
0.42706	1.04
0.42708	1.04
0.4271	1.04
0.42712	1.04
0.42714	1.04
0.42716	1.04
0.42718	1.04
0.4272	1.04
0.42722	1.04
0.42724	1.04
0.42726	1.04
0.42728	1.04
0.4273	1.04
0.42732	1.04
0.42734	1.04
0.42736	1.04
0.42738	1.04
0.4274	1.04
0.42742	1.04
0.42744	1.04
0.42746	1.04
0.42748	1.04
0.4275	1.04
0.42752	1.04
0.42754	1.04
0.42756	1.04
0.42758	1.04
0.4276	1.04
0.42762	1.04
0.42764	1.04
0.42766	1.04
0.42768	1.04
0.4277	1.04
0.42772	1.04
0.42774	1.04
0.42776	1.04
0.42778	1.04
0.4278	1.04
0.42782	1.04
0.42784	1.04
0.42786	1.04
0.42788	1.04
0.4279	1.04
0.42792	1.04
0.42794	1.04
0.42796	1.04
0.42798	0.96
0.428	1.04
0.42802	1.04
0.42804	1.04
0.42806	1.04
0.42808	1.04
0.4281	0.96
0.42812	1.04
0.42814	1.04
0.42816	1.04
0.42818	1.04
0.4282	1.04
0.42822	1.04
0.42824	0.96
0.42826	0.56
0.42828	-1.04
0.4283	-1.2
0.42832	-1.2
0.42834	-1.2
0.42836	-1.2
0.42838	-1.2
0.4284	-1.2
0.42842	-1.2
0.42844	-1.2
0.42846	-1.2
0.42848	-1.2
0.4285	-1.2
0.42852	-1.2
0.42854	-1.2
0.42856	-1.12
0.42858	-1.2
0.4286	-1.2
0.42862	-1.2
0.42864	-1.2
0.42866	-1.2
0.42868	-1.2
0.4287	-1.2
0.42872	-1.2
0.42874	-1.2
0.42876	-1.12
0.42878	-1.2
0.4288	-1.2
0.42882	-1.12
0.42884	-1.2
0.42886	-1.2
0.42888	-1.2
0.4289	-1.12
0.42892	-1.12
0.42894	-1.12
0.42896	-1.12
0.42898	-1.12