-0.096	0.56
-0.0956	-0.16
-0.0952	-0.4
-0.0948	-0.08
-0.0944	-0.32
-0.094	-0.4
-0.0936	0.08
-0.0932	0.32
-0.0928	0.24
-0.0924	0.08
-0.092	-0.32
-0.0916	-0.4
-0.0912	0.08
-0.0908	0
-0.0904	-0.16
-0.09	0.08
-0.0896	0
-0.0892	0
-0.0888	0.32
-0.0884	0.4
-0.088	-0.4
-0.0876	-0.56
-0.0872	0
-0.0868	-0.08
-0.0864	0.24
-0.086	0.48
-0.0856	0.48
-0.0852	0.16
-0.0848	-0.32
-0.0844	-0.4
-0.084	0.16
-0.0836	0.16
-0.0832	0
-0.0828	0.24
-0.0824	-0.16
-0.082	-0.24
-0.0816	0
-0.0812	0.24
-0.0808	0.24
-0.0804	0.16
-0.08	-0.24
-0.0796	-0.4
-0.0792	0.08
-0.0788	0.16
-0.0784	0.32
-0.078	0.16
-0.0776	-0.24
-0.0772	-0.32
-0.0768	0.08
-0.0764	0.24
-0.076	0.16
-0.0756	0.08
-0.0752	-0.08
-0.0748	-0.08
-0.0744	0.16
-0.074	0.16
-0.0736	0
-0.0732	0.08
-0.0728	-0.08
-0.0724	-0.16
-0.072	0.16
-0.0716	0.16
-0.0712	0.16
-0.0708	0.16
-0.0704	-0.08
-0.07	-0.24
-0.0696	0.08
-0.0692	0.16
-0.0688	0.16
-0.0684	0.08
-0.068	-0.16
-0.0676	-0.24
-0.0672	0.08
-0.0668	0.16
-0.0664	0.16
-0.066	0.08
-0.0656	-0.16
-0.0652	-0.08
-0.0648	0
-0.0644	0.16
-0.064	0.24
-0.0636	0.08
-0.0632	-0.08
-0.0628	-0.16
-0.0624	0
-0.062	0.24
-0.0616	0.16
-0.0612	0.08
-0.0608	-0.08
-0.0604	-0.16
-0.06	0
-0.0596	0.08
-0.0592	0.16
-0.0588	0.08
-0.0584	0
-0.058	-0.08
-0.0576	-0.08
-0.0572	0.16
-0.0568	0.16
-0.0564	0.16
-0.056	0
-0.0556	-0.16
-0.0552	-0.08
-0.0548	0.08
-0.0544	0.24
-0.054	0.16
-0.0536	-0.08
-0.0532	-0.08
-0.0528	-0.08
-0.0524	0.16
-0.052	0.24
-0.0516	0.08
-0.0512	0
-0.0508	-0.08
-0.0504	0
-0.05	0.08
-0.0496	0.08
-0.0492	0.08
-0.0488	0
-0.0484	-0.08
-0.048	-0.08
-0.0476	0.08
-0.0472	0.16
-0.0468	0.16
-0.0464	0
-0.046	-0.08
-0.0456	0
-0.0452	0.16
-0.0448	0.16
-0.0444	0.16
-0.044	0
-0.0436	-0.08
-0.0432	0
-0.0428	0
-0.0424	0.16
-0.042	0.16
-0.0416	0.16
-0.0412	0
-0.0408	0
-0.0404	0
-0.04	0.16
-0.0396	0.16
-0.0392	0.08
-0.0388	-0.08
-0.0384	-0.08
-0.038	0
-0.0376	0.08
-0.0372	0.16
-0.0368	0
-0.0364	0
-0.036	0.08
-0.0356	0.08
-0.0352	0.08
-0.0348	0
-0.0344	0
-0.034	0.16
-0.0336	0.16
-0.0332	0
-0.0328	0.08
-0.0324	0.08
-0.032	0
-0.0316	0.08
-0.0312	0
-0.0308	0
-0.0304	0.16
-0.03	0.08
-0.0296	0
-0.0292	0
-0.0288	0
-0.0284	0
-0.028	0.08
-0.0276	0
-0.0272	0.08
-0.0268	0
-0.0264	0.08
-0.026	0.08
-0.0256	-0.08
-0.0252	0
-0.0248	0.16
-0.0244	0.08
-0.024	0
-0.0236	0
-0.0232	0
-0.0228	0
-0.0224	0.16
-0.022	0
-0.0216	-0.24
-0.0212	-0.08
-0.0208	-0.08
-0.0204	0.08
-0.02	0.08
-0.0196	0.08
-0.0192	0
-0.0188	-0.08
-0.0184	0.24
-0.018	0.16
-0.0176	0.08
-0.0172	-0.08
-0.0168	-0.16
-0.0164	0
-0.016	0
-0.0156	0.08
-0.0152	-0.24
-0.0148	-0.08
-0.0144	0.24
-0.014	0
-0.0136	0
-0.0132	-0.48
-0.0128	-0.08
-0.0124	0.24
-0.012	0.32
-0.0116	0.16
-0.0112	-0.08
-0.0108	0.16
-0.0104	0
-0.01	0
-0.0096	0.16
-0.0092	0.16
-0.0088	-0.08
-0.0084	-0.16
-0.008	-0.16
-0.0076	0.16
-0.0072	-0.24
-0.0068	-0.24
-0.0064	0.48
-0.006	-0.32
-0.0056	0.16
-0.0052	0.72
-0.0048	-0.56
-0.0044	-0.72
-0.004	0.08
-0.0036	0.48
-0.0032	0.48
-0.0028	-0.4
-0.0024	-0.64
-0.002	-0.4
-0.0016	-1.12
-0.0012	-1.12
-0.0008	-1.12
-0.0004	-1.12
0	1.04
0.0004	1.04
0.0008	1.04
0.0012	1.04
0.0016	1.04
0.002	-1.2
0.0024	0.08
0.0028	0.4
0.0032	-0.16
0.0036	0.4
0.004	0.24
0.0044	-1.04
0.0048	0.16
0.0052	0.32
0.0056	0.96
0.006	0.8
0.0064	-0.64
0.0068	0.4
0.0072	-0.16
0.0076	-1.12
0.008	0.4
0.0084	1.04
0.0088	1.04
0.0092	1.04
0.0096	-1.2
0.01	-1.2
0.0104	-1.2
0.0108	-1.12
0.0112	-1.12
0.0116	-1.12
0.012	1.04
0.0124	1.04
0.0128	1.04
0.0132	1.04
0.0136	1.04
0.014	-1.2
0.0144	-0.72
0.0148	0.16
0.0152	0
0.0156	-0.32
0.016	0.64
0.0164	-0.56
0.0168	-1.12
0.0172	0.48
0.0176	0.96
0.018	0.8
0.0184	1.04
0.0188	0.8
0.0192	-1.12
0.0196	-1.12
0.02	1.04
0.0204	0.4
0.0208	1.04
0.0212	1.04
0.0216	-1.2
0.022	-1.2
0.0224	-1.12
0.0228	-1.12
0.0232	-1.04
0.0236	-1.04
0.024	1.04
0.0244	1.04
0.0248	1.04
0.0252	1.04
0.0256	1.04
0.026	-1.2
0.0264	-1.12
0.0268	0.08
0.0272	1.04
0.0276	0.32
0.028	-1.12
0.0284	-1.12
0.0288	-1.12
0.0292	-0.48
0.0296	1.04
0.03	0.96
0.0304	0.72
0.0308	-1.12
0.0312	1.04
0.0316	0.48
0.032	-1.12
0.0324	-0.72
0.0328	1.04
0.0332	0.96
0.0336	-1.2
0.034	-1.2
0.0344	-1.12
0.0348	-1.12
0.0352	-1.12
0.0356	-1.04
0.036	1.04
0.0364	1.04
0.0368	1.04
0.0372	1.04
0.0376	1.04
0.038	-1.12
0.0384	-1.12
0.0388	0.48
0.0392	0.88
0.0396	0.72
0.04	0.64
0.0404	-1.12
0.0408	-1.12
0.0412	0.96
0.0416	0.96
0.042	-1.12
0.0424	1.04
0.0428	1.04
0.0432	-1.2
0.0436	0.8
0.044	-1.12
0.0444	0.32
0.0448	1.04
0.0452	1.04
0.0456	-1.2
0.046	-1.2
0.0464	-1.2
0.0468	-1.12
0.0472	-1.12
0.0476	-1.12
0.048	1.12
0.0484	1.12
0.0488	1.04
0.0492	1.04
0.0496	1.04
0.05	-1.2
0.0504	-1.12
0.0508	0.24
0.0512	0.96
0.0516	0.48
0.052	0.96
0.0524	0.96
0.0528	0.32
0.0532	-1.12
0.0536	1.04
0.054	1.04
0.0544	-1.2
0.0548	0.96
0.0552	-1.12
0.0556	1.04
0.056	-1.12
0.0564	-1.12
0.0568	1.04
0.0572	1.04
0.0576	1.04
0.058	-1.2
0.0584	-1.2
0.0588	-0.56
0.0592	-1.12
0.0596	-1.12
0.06	1.04
0.0604	1.04
0.0608	1.04
0.0612	1.04
0.0616	1.04
0.062	-1.12
0.0624	-1.12
0.0628	-0.56
0.0632	1.04
0.0636	1.04
0.064	1.04
0.0644	-1.2
0.0648	-1.2
0.0652	1.04
0.0656	-0.64
0.066	0.4
0.0664	-1.12
0.0668	1.04
0.0672	-0.88
0.0676	-1.12
0.068	1.04
0.0684	-1.2
0.0688	1.04
0.0692	1.04
0.0696	1.04
0.07	-1.2
0.0704	-1.12
0.0708	0.56
0.0712	-1.12
0.0716	-1.12
0.072	1.04
0.0724	1.04
0.0728	1.04
0.0732	1.04
0.0736	1.04
0.074	-1.2
0.0744	-1.12
0.0748	-0.48
0.0752	1.04
0.0756	1.04
0.076	1.04
0.0764	1.04
0.0768	-1.12
0.0772	0.08
0.0776	-0.4
0.078	1.04
0.0784	1.04
0.0788	-1.2
0.0792	0.16
0.0796	0.96
0.08	1.04
0.0804	-1.2
0.0808	1.04
0.0812	1.04
0.0816	1.04
0.082	-1.2
0.0824	-1.2
0.0828	-1.12
0.0832	-1.12
0.0836	-1.12
0.084	-0.24
0.0844	1.04
0.0848	1.04
0.0852	1.04
0.0856	1.04
0.086	1.04
0.0864	-1.2
0.0868	-1.12
0.0872	-1.12
0.0876	1.04
0.088	1.04
0.0884	1.04
0.0888	-1.2
0.0892	-1.2
0.0896	1.04
0.09	-1.2
0.0904	0.96
0.0908	-0.56
0.0912	-1.2
0.0916	1.04
0.092	1.04
0.0924	-1.2
0.0928	1.04
0.0932	1.04
0.0936	1.12
0.094	-1.2
0.0944	-1.2
0.0948	-1.12
0.0952	-1.12
0.0956	-1.04
0.096	-1.12
0.0964	1.04
0.0968	1.04
0.0972	1.04
0.0976	1.04
0.098	1.04
0.0984	-1.2
0.0988	-1.12
0.0992	0.96
0.0996	1.04
0.1	0.96
0.1004	0.96
0.1008	1.04
0.1012	-1.2
0.1016	1.04
0.102	-1.2
0.1024	-1.12
0.1028	1.04
0.1032	-1.2
0.1036	1.04
0.104	1.04
0.1044	-1.2
0.1048	1.04
0.1052	1.04
0.1056	1.04
0.106	-1.2
0.1064	-1.2
0.1068	-1.12
0.1072	-1.12
0.1076	-1.12
0.108	-1.12
0.1084	1.04
0.1088	1.04
0.1092	1.04
0.1096	1.04
0.11	1.04
0.1104	-1.12
0.1108	-1.2
0.1112	0.56
0.1116	0.96
0.112	1.04
0.1124	1.04
0.1128	1.04
0.1132	-1.12
0.1136	-1.04
0.114	0.56
0.1144	-1.04
0.1148	0.96
0.1152	-1.2
0.1156	1.04
0.116	0.96
0.1164	-1.2
0.1168	1.04
0.1172	1.04
0.1176	0.96
0.118	-1.2
0.1184	-1.2
0.1188	-1.2
0.1192	-1.2
0.1196	-1.12
0.12	-1.12
0.1204	1.12
0.1208	1.04
0.1212	1.04
0.1216	1.04
0.122	1.04
0.1224	-1.2
0.1228	-1.12
0.1232	0.88
0.1236	0.56
0.124	0.96
0.1244	1.04
0.1248	1.04
0.1252	0.96
0.1256	-0.24
0.126	-1.12
0.1264	-0.88
0.1268	1.04
0.1272	-1.12
0.1276	1.04
0.128	1.04
0.1284	-1.2
0.1288	0.08
0.1292	1.04
0.1296	0.96
0.13	0.96
0.1304	-1.2
0.1308	-1.2
0.1312	-1.12
0.1316	-1.12
0.132	-1.12
0.1324	1.04
0.1328	1.04
0.1332	1.04
0.1336	1.04
0.134	1.04
0.1344	-1.2
0.1348	-1.2
0.1352	-1.12
0.1356	1.04
0.136	1.04
0.1364	1.04
0.1368	1.04
0.1372	0.72
0.1376	0.4
0.138	-1.12
0.1384	0.96
0.1388	1.04
0.1392	-1.12
0.1396	1.04
0.14	0.96
0.1404	-1.2
0.1408	-1.2
0.1412	1.04
0.1416	1.04
0.142	1.04
0.1424	-1.2
0.1428	-1.12
0.1432	-0.8
0.1436	-1.12
0.144	-1.12
0.1444	0.96
0.1448	1.04
0.1452	1.04
0.1456	1.04
0.146	1.04
0.1464	0.96
0.1468	-1.2
0.1472	-1.2
0.1476	1.04
0.148	0.96
0.1484	0.96
0.1488	1.04
0.1492	-1.2
0.1496	1.04
0.15	-1.2
0.1504	0.88
0.1508	0.96
0.1512	-1.2
0.1516	1.04
0.152	0.96
0.1524	-1.2
0.1528	-1.2
0.1532	1.04
0.1536	1.04
0.154	1.04
0.1544	-1.2
0.1548	-1.2
0.1552	-0.32
0.1556	-1.2
0.156	-1.12
0.1564	-1.04
0.1568	1.04
0.1572	1.04
0.1576	1.04
0.158	1.04
0.1584	1.04
0.1588	-1.2
0.1592	-1.12
0.1596	0.88
0.16	1.04
0.1604	1.04
0.1608	1.04
0.1612	-1.2
0.1616	1.04
0.162	-1.2
0.1624	0.64
0.1628	1.04
0.1632	-1.2
0.1636	1.04
0.164	1.04
0.1644	-1.2
0.1648	-1.2
0.1652	1.04
0.1656	1.04
0.166	1.04
0.1664	-1.2
0.1668	-1.2
0.1672	-0.32
0.1676	-1.2
0.168	-1.12
0.1684	-1.12
0.1688	1.04
0.1692	1.04
0.1696	1.04
0.17	1.04
0.1704	1.04
0.1708	-1.2
0.1712	-1.2
0.1716	-1.12
0.172	1.04
0.1724	1.04
0.1728	0.96
0.1732	-0.16
0.1736	0.96
0.174	-1.2
0.1744	-0.64
0.1748	1.04
0.1752	-1.2
0.1756	0.96
0.176	1.04
0.1764	-1.2
0.1768	-1.2
0.1772	0.96
0.1776	1.04
0.178	1.04
0.1784	-1.2
0.1788	-1.2
0.1792	-1.12
0.1796	-1.12
0.18	-1.12
0.1804	-1.12
0.1808	1.04
0.1812	1.04
0.1816	1.04
0.182	1.04
0.1824	1.04
0.1828	-1.2
0.1832	-1.2
0.1836	-1.12
0.184	1.04
0.1844	1.04
0.1848	1.04
0.1852	-1.12
0.1856	1.04
0.186	-1.2
0.1864	-0.4
0.1868	0.96
0.1872	-1.2
0.1876	0.88
0.188	1.04
0.1884	-1.2
0.1888	-1.2
0.1892	-1.2
0.1896	1.04
0.19	1.04
0.1904	-1.2
0.1908	-1.2
0.1912	-1.12
0.1916	-1.12
0.192	-1.12
0.1924	-1.12
0.1928	1.04
0.1932	1.04
0.1936	1.04
0.194	1.04
0.1944	1.04
0.1948	-1.2
0.1952	-1.2
0.1956	-1.12
0.196	0.08
0.1964	1.04
0.1968	1.04
0.1972	1.04
0.1976	1.04
0.198	-0.4
0.1984	-0.88
0.1988	1.04
0.1992	-1.2
0.1996	-0.96
0.2	0.96
0.2004	0.96
0.2008	-1.2
0.2012	-1.2
0.2016	1.04
0.202	1.04
0.2024	0.96
0.2028	-1.2
0.2032	-1.2
0.2036	-1.12
0.204	-1.12
0.2044	-1.12
0.2048	-0.48
0.2052	1.04
0.2056	1.04
0.206	1.04
0.2064	1.04
0.2068	0.96
0.2072	-1.2
0.2076	-1.2
0.208	-1.12
0.2084	1.04
0.2088	0.96
0.2092	1.04
0.2096	1.04
0.21	0.96
0.2104	-1.04
0.2108	1.04
0.2112	-1.2
0.2116	-1.2
0.212	0.96
0.2124	0.96
0.2128	-1.2
0.2132	-1.2
0.2136	0.96
0.214	0.96
0.2144	0.96
0.2148	-1.2
0.2152	-1.2
0.2156	-0.08
0.216	-1.2
0.2164	-1.2
0.2168	-1.12
0.2172	1.04
0.2176	1.04
0.218	0.96
0.2184	1.04
0.2188	0.96
0.2192	-1.2
0.2196	-1.2
0.22	-1.12
0.2204	0.96
0.2208	0.96
0.2212	0.96
0.2216	1.04
0.222	1.04
0.2224	-1.2
0.2228	1.04
0.2232	-1.2
0.2236	-1.2
0.224	1.04
0.2244	1.04
0.2248	-1.2
0.2252	-1.2
0.2256	1.04
0.226	1.04
0.2264	1.04
0.2268	-1.2
0.2272	-1.2
0.2276	-1.12
0.228	-1.12
0.2284	-1.2
0.2288	-1.12
0.2292	0.96
0.2296	0.96
0.23	0.96
0.2304	0.96
0.2308	1.04
0.2312	-1.2
0.2316	-1.2
0.232	-1.12
0.2324	0.96
0.2328	0.96
0.2332	1.04
0.2336	0.96
0.234	0.96
0.2344	-1.2
0.2348	1.04
0.2352	-0.96
0.2356	-1.2
0.236	0.96
0.2364	0.96
0.2368	-1.2
0.2372	-1.2
0.2376	0.8
0.238	0.96
0.2384	1.04
0.2388	-1.2
0.2392	-1.2
0.2396	-1.2
0.24	-1.2
0.2404	-1.2
0.2408	-1.12
0.2412	1.04
0.2416	1.04
0.242	0.96
0.2424	1.04
0.2428	0.96
0.2432	0.72
0.2436	-1.2
0.244	-1.12
0.2444	-1.12
0.2448	1.04
0.2452	0.96
0.2456	0.96
0.246	1.04
0.2464	-1.2
0.2468	0.96
0.2472	0.96
0.2476	-1.2
0.248	0.96
0.2484	0.96
0.2488	0.96
0.2492	-1.2
0.2496	-1.2
0.25	0.96
0.2504	0.96
0.2508	-1.12
0.2512	-1.2
0.2516	-1.2
0.252	-1.2
0.2524	-1.2
0.2528	-1.2
0.2532	-0.56
0.2536	1.04
0.254	0.96
0.2544	1.04
0.2548	0.96
0.2552	0.96
0.2556	-1.2
0.256	-1.2
0.2564	-1.12
0.2568	1.04
0.2572	-1.04
0.2576	0.96
0.258	1.04
0.2584	-1.2
0.2588	1.04
0.2592	0.96
0.2596	-1.2
0.26	0.96
0.2604	1.04
0.2608	0.96
0.2612	-1.2
0.2616	-1.2
0.262	0.96
0.2624	0.96
0.2628	0.96
0.2632	-1.2
0.2636	-1.2
0.264	-1.2
0.2644	-1.2
0.2648	-1.2
0.2652	-1.12
0.2656	0.96
0.266	1.04
0.2664	0.96
0.2668	1.04
0.2672	1.04
0.2676	-1.2
0.268	-1.2
0.2684	-1.2
0.2688	0.96
0.2692	-1.2
0.2696	0.96
0.27	1.04
0.2704	-1.2
0.2708	1.04
0.2712	0.96
0.2716	-1.2
0.272	-1.12
0.2724	1.04
0.2728	1.04
0.2732	-1.2
0.2736	-1.2
0.274	0.96
0.2744	0.96
0.2748	0.96
0.2752	-1.2
0.2756	-1.2
0.276	-0.64
0.2764	-1.2
0.2768	-1.12
0.2772	-1.12
0.2776	1.04
0.278	0.96
0.2784	1.04
0.2788	0.96
0.2792	1.04
0.2796	1.04
0.28	-1.2
0.2804	-1.2
0.2808	0.96
0.2812	-1.2
0.2816	0.96
0.282	0.96
0.2824	0.96
0.2828	1.04
0.2832	0.96
0.2836	-1.2
0.284	-1.2
0.2844	0.96
0.2848	0.96
0.2852	-1.28
0.2856	-1.2
0.286	0.96
0.2864	1.04
0.2868	0.96
0.2872	-1.2
0.2876	-1.2
0.288	0.16
0.2884	-1.2
0.2888	-1.2
0.2892	-1.12
0.2896	-0.16
0.29	1.04
0.2904	0.96
0.2908	1.04
0.2912	1.04
0.2916	1.04
0.292	-1.2
0.2924	-1.2
0.2928	-0.96
0.2932	-1.12
0.2936	1.04
0.294	0.96
0.2944	0.96
0.2948	0.96
0.2952	0.96
0.2956	-1.12
0.296	-1.2
0.2964	1.04
0.2968	0.96
0.2972	1.04
0.2976	-1.2
0.298	-1.2
0.2984	0.96
0.2988	0.96
0.2992	-1.2
0.2996	-1.2
0.3	-1.2
0.3004	-1.2
0.3008	-1.2
0.3012	-1.2
0.3016	-1.12
0.302	0.96
0.3024	0.96
0.3028	0.96
0.3032	0.96
0.3036	0.96
0.304	-1.2
0.3044	-1.2
0.3048	-1.12
0.3052	-1.12
0.3056	1.04
0.306	1.04
0.3064	0.96
0.3068	0.72
0.3072	1.04
0.3076	0.96
0.308	-1.2
0.3084	0.96
0.3088	1.04
0.3092	1.04
0.3096	-1.2
0.31	-1.2
0.3104	1.04
0.3108	0.96
0.3112	0.96
0.3116	-1.2
0.312	-1.2
0.3124	-1.2
0.3128	-1.2
0.3132	-1.12
0.3136	-1.12
0.314	1.04
0.3144	1.04
0.3148	0.96
0.3152	0.96
0.3156	0.96
0.316	0.96
0.3164	-1.2
0.3168	-1.2
0.3172	-1.2
0.3176	0.64
0.318	1.04
0.3184	0.96
0.3188	0.72
0.3192	0.96
0.3196	0.96
0.32	-1.2
0.3204	-0.48
0.3208	0.96
0.3212	0.96
0.3216	-1.2
0.322	-1.2
0.3224	1.04
0.3228	0.96
0.3232	1.04
0.3236	-1.2
0.324	-1.2
0.3244	0
0.3248	-1.2
0.3252	-1.12
0.3256	-1.12
0.326	0.72
0.3264	1.04
0.3268	1.04
0.3272	0.96
0.3276	1.04
0.328	0.96
0.3284	-1.2
0.3288	-1.2
0.3292	-1.2
0.3296	-1.12
0.33	1.04
0.3304	1.04
0.3308	1.04
0.3312	0.96
0.3316	1.04
0.332	-1.2
0.3324	-1.2
0.3328	0.96
0.3332	0.96
0.3336	-1.2
0.334	-1.2
0.3344	0.96
0.3348	0.96
0.3352	0.96
0.3356	-1.2
0.336	-1.2
0.3364	0.32
0.3368	-1.2
0.3372	-1.2
0.3376	-1.2
0.338	-1.12
0.3384	1.04
0.3388	1.04
0.3392	1.04
0.3396	0.96
0.34	0.96
0.3404	-1.2
0.3408	-1.2
0.3412	-1.12
0.3416	-1.2
0.342	1.04
0.3424	1.04
0.3428	1.04
0.3432	1.04
0.3436	1.04
0.344	0.96
0.3444	-1.2
0.3448	0.96
0.3452	0.96
0.3456	0.96
0.346	-1.2
0.3464	-1.2
0.3468	0.96
0.3472	0.96
0.3476	-1.12
0.348	-1.2
0.3484	-1.2
0.3488	-1.2
0.3492	-1.2
0.3496	-1.2
0.35	-1.12
0.3504	0.96
0.3508	1.04
0.3512	0.96
0.3516	0.96
0.352	0.96
0.3524	-1.2
0.3528	-1.2
0.3532	-1.2
0.3536	-1.12
0.354	0.96
0.3544	0.96
0.3548	1.04
0.3552	0.96
0.3556	0.96
0.356	1.04
0.3564	-1.2
0.3568	0.96
0.3572	0.96
0.3576	0.96
0.358	-1.2
0.3584	-1.2
0.3588	1.04
0.3592	0.96
0.3596	0.96
0.36	-1.2
0.3604	-1.2
0.3608	-0.4
0.3612	-1.2
0.3616	-1.2
0.362	-1.12
0.3624	0.8
0.3628	0.96
0.3632	1.04
0.3636	0.96
0.364	0.96
0.3644	0.96
0.3648	-1.2
0.3652	-1.2
0.3656	-1.2
0.366	1.04
0.3664	0.96
0.3668	0.96
0.3672	0.96
0.3676	0.96
0.368	0.96
0.3684	-1.2
0.3688	-0.8
0.3692	0.96
0.3696	0.96
0.37	-1.2
0.3704	-1.2
0.3708	0.96
0.3712	0.96
0.3716	0.96
0.372	-1.2
0.3724	-1.2
0.3728	0.4
0.3732	-1.2
0.3736	-1.12
0.374	-1.12
0.3744	-1.12
0.3748	1.04
0.3752	1.04
0.3756	1.04
0.376	0.96
0.3764	1.04
0.3768	-1.2
0.3772	-1.2
0.3776	-1.2
0.378	-1.04
0.3784	1.04
0.3788	0.96
0.3792	0.96
0.3796	0.96
0.38	0.96
0.3804	-1.12
0.3808	-1.2
0.3812	0.96
0.3816	0.96
0.382	0.96
0.3824	-1.2
0.3828	-0.08
0.3832	0.96
0.3836	0.96
0.384	-1.28
0.3844	-1.2
0.3848	-1.2
0.3852	-1.2
0.3856	-1.2
0.386	-1.12
0.3864	-1.12
0.3868	1.04
0.3872	1.04
0.3876	0.96
0.388	1.04
0.3884	0.96
0.3888	-1.12
0.3892	-1.2
0.3896	-1.2
0.39	-1.12
0.3904	0.96
0.3908	1.04
0.3912	0.72
0.3916	1.04
0.392	1.04
0.3924	1.04
0.3928	-1.2
0.3932	1.04
0.3936	0.96
0.394	1.04
0.3944	-1.2
0.3948	-1.2
0.3952	1.04
0.3956	0.96
0.396	0.96
0.3964	-1.2
0.3968	-1.2
0.3972	-1.2
0.3976	-1.2
0.398	-1.12
0.3984	-1.12
0.3988	0.96
0.3992	1.04
0.3996	0.96
0.4	0.96
0.4004	0.96
0.4008	1.04
0.4012	-1.2
0.4016	-1.2
0.402	-1.2
0.4024	0.8
0.4028	1.04
0.4032	0.96
0.4036	0.96
0.404	0.96
0.4044	0.96
0.4048	-1.2
0.4052	1.04
0.4056	1.04
0.406	0.96
0.4064	-1.2
0.4068	-1.2
0.4072	1.04
0.4076	0.96
0.408	0.96
0.4084	-1.2
0.4088	-1.2
0.4092	-0.72
0.4096	-1.12
0.41	-1.12
0.4104	-1.12
0.4108	-1.04
0.4112	1.04
0.4116	0.96
0.412	1.04
0.4124	1.04
0.4128	0.96
0.4132	-1.2
0.4136	-1.2
0.414	-1.2
0.4144	-1.12
0.4148	0.96
0.4152	0.4
0.4156	0.96
0.416	0.96
0.4164	1.04
0.4168	-1.2
0.4172	-1.04
0.4176	0.96
0.418	0.96
0.4184	0.96
0.4188	-1.2
0.4192	0.96
0.4196	0.96
0.42	1.04
0.4204	-1.2
0.4208	-1.2
0.4212	-1.2
0.4216	-1.2
0.422	-1.12
0.4224	-1.12
0.4228	-1.12
0.4232	1.04
0.4236	1.04
0.424	1.04
0.4244	1.04
0.4248	1.04
0.4252	1.04
0.4256	-1.2
0.426	-1.2
0.4264	-1.12
0.4268	0.96
0.4272	-1.04
0.4276	-0.16
0.428	1.04
0.4284	1.04
0.4288	0.96
0.4292	-1.2
0.4296	0.96
0.43	1.04
0.4304	0.96
0.4308	-1.2
0.4312	-1.2
0.4316	0.96
0.432	1.04
0.4324	-1.2
0.4328	-1.2
0.4332	-1.2
0.4336	-1.2
0.434	-1.2
0.4344	-1.12
0.4348	-1.12
0.4352	1.04
0.4356	1.04
0.436	1.04
0.4364	1.04
0.4368	1.04
0.4372	0.96
0.4376	-1.2
0.438	-1.2
0.4384	-1.2
0.4388	-0.96
0.4392	-1.12
0.4396	-1.12
0.44	1.04
0.4404	1.04
0.4408	1.04
0.4412	-1.2
0.4416	1.04
0.442	1.04
0.4424	0.96
0.4428	-1.2
0.4432	-1.2
0.4436	0.96
0.444	0.96
0.4444	0.96
0.4448	-1.2
0.4452	-1.12
0.4456	-1.12
0.446	-1.12
0.4464	-1.12
0.4468	-1.12
0.4472	-0.4
0.4476	1.04
0.448	1.04
0.4484	1.04
0.4488	0.96
0.4492	1.04
0.4496	0.96
0.45	-1.2
0.4504	-1.2
0.4508	-1.12
0.4512	0.64
0.4516	-1.2
0.452	1.04
0.4524	1.04
0.4528	0.96
0.4532	-1.2
0.4536	1.04
0.454	1.04
0.4544	0.96
0.4548	-1.04
0.4552	-1.2
0.4556	0.96
0.456	1.04
0.4564	0.96
0.4568	-1.2
0.4572	-1.2
0.4576	-1.2
0.458	-1.12
0.4584	-1.12
0.4588	-1.12
0.4592	-1.04
0.4596	1.04
0.46	1.04
0.4604	1.04
0.4608	0.96
0.4612	1.04
0.4616	1.04
0.462	-1.2
0.4624	-1.2
0.4628	-1.2
0.4632	0.88
0.4636	-1.12
0.464	-0.88
0.4644	1.04
0.4648	1.04
0.4652	-0.96
0.4656	-1.2
0.466	1.04
0.4664	0.96
0.4668	1.04
0.4672	-1.2
0.4676	0.96
0.468	1.04
0.4684	1.04
0.4688	-1.2
0.4692	-1.2
0.4696	-1.12
0.47	-1.12
0.4704	-1.12
0.4708	-1.12
0.4712	-1.12
0.4716	0.88
0.472	1.04
0.4724	1.04
0.4728	1.04
0.4732	1.04
0.4736	1.04
0.474	-0.96
0.4744	-1.2
0.4748	-1.12
0.4752	-0.08
0.4756	-1.12
0.476	-1.12
0.4764	1.04
0.4768	1.04
0.4772	1.04
0.4776	-1.12
0.478	1.04
0.4784	1.04
0.4788	1.04
0.4792	-1.2
0.4796	-1.2
0.48	1.04
0.4804	1.04
0.4808	1.04
0.4812	-1.2
0.4816	-1.2
0.482	-1.12
0.4824	-1.12
0.4828	-1.12
0.4832	-1.04
0.4836	-1.04
0.484	1.04
0.4844	1.04
0.4848	1.04
0.4852	1.04
0.4856	1.04
0.486	0.96
0.4864	-1.2
0.4868	-1.2
0.4872	-1.12
0.4876	-1.12
0.488	-1.12
0.4884	1.04
0.4888	1.04
0.4892	1.04
0.4896	-1.12
0.49	1.04
0.4904	1.04
0.4908	1.04
0.4912	-0.96
0.4916	-1.2
0.492	1.04
0.4924	1.04
0.4928	1.04
0.4932	-1.2
0.4936	-1.12
0.494	-1.2
0.4944	-1.12
0.4948	-1.12
0.4952	-1.12
0.4956	-1.04
0.496	1.04
0.4964	1.04
0.4968	1.04
0.4972	1.04
0.4976	1.04
0.498	1.04
0.4984	-1.2
0.4988	-1.2
0.4992	-1.12
0.4996	0.24
0.5	-1.12
0.5004	0.32
0.5008	1.04
0.5012	1.04
0.5016	-1.12
0.502	-1.12
0.5024	1.04
0.5028	1.04
0.5032	1.04
0.5036	-1.2
0.504	1.04
0.5044	1.04
0.5048	1.04
0.5052	-1.2
0.5056	-1.2
0.506	-1.12
0.5064	0
0.5068	-1.12
0.5072	-1.12
0.5076	-1.12
0.508	-1.04
0.5084	1.04
0.5088	1.04
0.5092	1.04
0.5096	1.04
0.51	1.04
0.5104	1.04
0.5108	-1.2
0.5112	-1.12
0.5116	0.48
0.512	-1.12
0.5124	-1.12
0.5128	1.04
0.5132	1.04
0.5136	1.04
0.514	-1.2
0.5144	1.04
0.5148	1.04
0.5152	1.04
0.5156	-1.2
0.516	-1.12
0.5164	0.96
0.5168	1.04
0.5172	1.04
0.5176	-1.2
0.518	-1.2
0.5184	-0.72
0.5188	-1.2
0.5192	-1.12
0.5196	-1.12
0.52	-1.12
0.5204	1.04
0.5208	1.04
0.5212	1.04
0.5216	1.04
0.522	0.96
0.5224	1.04
0.5228	-1.2
0.5232	-1.2
0.5236	-0.08
0.524	-1.12
0.5244	-1.12
0.5248	1.04
0.5252	1.04
0.5256	1.04
0.526	-1.12
0.5264	1.04
0.5268	1.04
0.5272	1.04
0.5276	1.04
0.528	-1.2
0.5284	1.04
0.5288	1.04
0.5292	1.04
0.5296	-1.2
0.53	-1.2
0.5304	-1.12
0.5308	-1.12
0.5312	-1.12
0.5316	-1.04
0.532	-1.12
0.5324	0.48
0.5328	1.04
0.5332	1.04
0.5336	0.96
0.534	1.04
0.5344	1.04
0.5348	1.04
0.5352	-1.2
0.5356	-1.12
0.536	-1.12
0.5364	-1.12
0.5368	-0.72
0.5372	1.04
0.5376	1.04
0.538	-1.12
0.5384	-1.12
0.5388	1.04
0.5392	1.04
0.5396	1.04
0.54	-1.12
0.5404	1.04
0.5408	1.04
0.5412	1.04
0.5416	1.04
0.542	-1.2
0.5424	-1.12
0.5428	-1.12
0.5432	-1.12
0.5436	-1.12
0.544	-1.04
0.5444	-1.04
0.5448	1.04
0.5452	1.04
0.5456	1.04
0.546	1.04
0.5464	1.04
0.5468	1.04
0.5472	-1.2
0.5476	-1.2
0.548	-1.12
0.5484	-1.12
0.5488	-1.12
0.5492	1.04
0.5496	1.04
0.55	1.04
0.5504	-1.12
0.5508	1.04
0.5512	1.04
0.5516	1.04
0.552	-1.2
0.5524	0.16
0.5528	1.04
0.5532	0.96
0.5536	1.04
0.554	-1.2
0.5544	-1.2
0.5548	-1.12
0.5552	-1.12
0.5556	-1.12
0.556	-1.12
0.5564	-1.04
0.5568	1.04
0.5572	1.04
0.5576	1.04
0.558	1.12
0.5584	1.04
0.5588	1.04
0.5592	-1.2
0.5596	-1.12
0.56	0.16
0.5604	-1.12
0.5608	-1.12
0.5612	1.04
0.5616	1.04
0.562	1.04
0.5624	-1.12
0.5628	1.04
0.5632	1.12
0.5636	1.04
0.564	1.04
0.5644	-1.12
0.5648	1.12
0.5652	1.04
0.5656	1.04
0.566	-1.2
0.5664	-1.2
0.5668	-1.12
0.5672	-1.12
0.5676	-1.12
0.568	-1.12
0.5684	-1.12
0.5688	-1.04
0.5692	1.04
0.5696	1.04
0.57	1.04
0.5704	1.04
0.5708	1.04
0.5712	1.04
0.5716	-1.2
0.572	-0.96
0.5724	-1.12
0.5728	-1.04
0.5732	-1.04
0.5736	1.04
0.574	1.04
0.5744	-1.12
0.5748	-1.12
0.5752	1.04
0.5756	1.12
0.576	1.04
0.5764	-1.2
0.5768	1.04
0.5772	1.04
0.5776	1.04
0.578	1.04
0.5784	-1.2
0.5788	-1.12
0.5792	-1.12
0.5796	-1.12
0.58	-1.12
0.5804	-1.12
0.5808	-1.04
0.5812	1.04
0.5816	1.04
0.582	1.04
0.5824	1.04
0.5828	1.04
0.5832	1.04
0.5836	-1.2
0.584	-1.2
0.5844	-1.12
0.5848	-1.12
0.5852	-1.04
0.5856	1.04
0.586	1.04
0.5864	1.04
0.5868	-1.12
0.5872	1.04
0.5876	1.04
0.588	1.04
0.5884	-1.2
0.5888	0.96
0.5892	0.96
0.5896	1.04
0.59	1.04
0.5904	-1.2
0.5908	-1.2
0.5912	-1.12
0.5916	-1.12
0.592	-1.12
0.5924	-1.12
0.5928	-1.04
0.5932	0.96
0.5936	1.04
0.594	1.04
0.5944	1.04
0.5948	1.04
0.5952	1.04
0.5956	-1.04
0.596	-1.2
0.5964	-0.64
0.5968	-1.12
0.5972	-1.12
0.5976	1.04
0.598	1.04
0.5984	1.04
0.5988	-1.12
0.5992	0.96
0.5996	1.04
0.6	1.04
0.6004	1.04
0.6008	-1.2
0.6012	1.04
0.6016	1.04
0.602	1.04
0.6024	-1.12
0.6028	-1.2
0.6032	-1.2
0.6036	-1.12
0.604	-1.12
0.6044	-1.12
0.6048	-1.12
0.6052	-1.04
0.6056	1.04
0.606	1.04
0.6064	1.12
0.6068	1.04
0.6072	1.04
0.6076	1.04
0.608	-1.12
0.6084	0.48
0.6088	-1.12
0.6092	-1.12
0.6096	-1.12
0.61	1.04
0.6104	1.04
0.6108	-1.12
0.6112	-1.12
0.6116	1.04
0.612	1.04
0.6124	1.04
0.6128	-1.2
0.6132	1.04
0.6136	1.04
0.614	1.04
0.6144	1.04
0.6148	-1.2
0.6152	-1.2
0.6156	-1.2
0.616	-1.2
0.6164	-1.12
0.6168	-1.12
0.6172	-1.12
0.6176	0.96
0.618	1.04
0.6184	1.04
0.6188	1.04
0.6192	1.04
0.6196	1.04
0.62	-1.2
0.6204	-0.72
0.6208	-1.12
0.6212	-1.12
0.6216	-1.12
0.622	1.12
0.6224	1.04
0.6228	1.04
0.6232	-1.12
0.6236	1.04
0.624	1.04
0.6244	1.04
0.6248	1.04
0.6252	-0.96
0.6256	1.04
0.626	1.04
0.6264	1.04
0.6268	-1.2
0.6272	-1.2
0.6276	-1.2
0.628	-1.2
0.6284	-1.12
0.6288	-1.12
0.6292	-1.12
0.6296	-1.04
0.63	1.04
0.6304	1.04
0.6308	1.04
0.6312	1.04
0.6316	1.04
0.632	1.04
0.6324	-1.2
0.6328	1.04
0.6332	-1.2
0.6336	-1.12
0.634	-0.72
0.6344	1.04
0.6348	1.04
0.6352	-1.2
0.6356	-1.12
0.636	1.04
0.6364	1.04
0.6368	1.04
0.6372	-1.2
0.6376	1.04
0.638	1.04
0.6384	1.04
0.6388	1.04
0.6392	-1.2
0.6396	-1.12
0.64	-1.2
0.6404	-1.12
0.6408	-1.12
0.6412	-1.04
0.6416	-1.04
0.642	1.04
0.6424	1.12
0.6428	1.04
0.6432	1.04
0.6436	1.04
0.644	1.04
0.6444	-1.2
0.6448	1.04
0.6452	-1.2
0.6456	-1.12
0.646	-1.12
0.6464	1.04
0.6468	1.04
0.6472	-1.2
0.6476	-1.12
0.648	1.04
0.6484	1.04
0.6488	1.04
0.6492	-1.2
0.6496	0.72
0.65	1.04
0.6504	1.04
0.6508	1.04
0.6512	-1.2
0.6516	-1.2
0.652	-1.2
0.6524	-1.12
0.6528	-1.12
0.6532	-1.2
0.6536	-1.04
0.654	-1.04
0.6544	1.12
0.6548	1.04
0.6552	1.04
0.6556	1.04
0.656	1.04
0.6564	1.04
0.6568	0.8
0.6572	0.8
0.6576	-1.2
0.658	-1.12
0.6584	1.04
0.6588	1.04
0.6592	1.04
0.6596	-1.12
0.66	1.04
0.6604	1.04
0.6608	1.04
0.6612	1.04
0.6616	-1.2
0.662	1.04
0.6624	1.04
0.6628	1.04
0.6632	-1.12
0.6636	-1.2
0.664	-1.2
0.6644	-1.2
0.6648	-1.12
0.6652	-1.12
0.6656	-1.12
0.666	-1.04
0.6664	1.04
0.6668	1.04
0.6672	1.04
0.6676	1.04
0.668	1.04
0.6684	1.04
0.6688	-1.2
0.6692	1.04
0.6696	-1.2
0.67	-1.2
0.6704	-1.12
0.6708	1.04
0.6712	1.04
0.6716	-1.12
0.672	-1.12
0.6724	1.04
0.6728	1.04
0.6732	1.04
0.6736	-1.2
0.674	1.04
0.6744	0.96
0.6748	1.04
0.6752	1.04
0.6756	-1.2
0.676	-1.2
0.6764	-1.2
0.6768	-1.12
0.6772	-1.12
0.6776	-1.12
0.678	-1.12
0.6784	0.08
0.6788	1.04
0.6792	1.04
0.6796	1.04
0.68	1.04
0.6804	1.04
0.6808	-0.8
0.6812	0.96
0.6816	-1.2
0.682	-1.2
0.6824	-1.2
0.6828	1.04
0.6832	0.96
0.6836	-1.2
0.684	-1.2
0.6844	1.04
0.6848	0.96
0.6852	1.04
0.6856	1.04
0.686	-0.24
0.6864	1.04
0.6868	1.04
0.6872	0.96
0.6876	-1.2
0.688	-1.2
0.6884	-1.2
0.6888	-1.12
0.6892	-1.12
0.6896	-1.12
0.69	-1.04
0.6904	-1.04
0.6908	1.04
0.6912	1.04
0.6916	1.04
0.692	1.04
0.6924	1.04
0.6928	1.04
0.6932	0.96
0.6936	1.04
0.694	-1.2
0.6944	-1.2
0.6948	-1.12
0.6952	1.04
0.6956	0
0.696	-1.2
0.6964	0.48
0.6968	1.04
0.6972	1.04
0.6976	1.04
0.698	-1.2
0.6984	0.96
0.6988	1.04
0.6992	0.96
0.6996	1.04
0.7	-1.2
0.7004	-1.2
0.7008	-1.2
0.7012	-1.12
0.7016	-1.2
0.702	-1.12
0.7024	-1.12
0.7028	0.48
0.7032	1.04
0.7036	1.04
0.704	1.04
0.7044	1.04
0.7048	0.96
0.7052	1.04
0.7056	0.96
0.706	-1.2
0.7064	-1.2
0.7068	-1.2
0.7072	1.04
0.7076	1.04
0.708	-1.2
0.7084	-1.12
0.7088	1.04
0.7092	0.96
0.7096	1.04
0.71	-1.2
0.7104	1.04
0.7108	1.04
0.7112	1.04
0.7116	0.96
0.712	-1.2
0.7124	-1.2
0.7128	-1.2
0.7132	-1.2
0.7136	-1.12
0.714	-1.12
0.7144	-1.12
0.7148	-1.12
0.7152	1.04
0.7156	1.04
0.716	1.04
0.7164	1.04
0.7168	1.04
0.7172	1.04
0.7176	1.04
0.718	0.96
0.7184	-1.2
0.7188	-1.2
0.7192	1.04
0.7196	1.04
0.72	-1.2
0.7204	-1.2
0.7208	1.04
0.7212	0.96
0.7216	0.96
0.722	1.04
0.7224	-1.2
0.7228	1.04
0.7232	0.96
0.7236	0.96
0.724	1.04
0.7244	-1.2
0.7248	-1.2
0.7252	-1.2
0.7256	-1.12
0.726	-1.2
0.7264	-1.12
0.7268	-1.04
0.7272	0.72
0.7276	1.04
0.728	0.96
0.7284	0.96
0.7288	0.96
0.7292	1.04
0.7296	0.96
0.73	0.96
0.7304	-1.2
0.7308	-1.2
0.7312	-1.12
0.7316	1.04
0.732	-0.08
0.7324	-1.2
0.7328	-1.2
0.7332	0.96
0.7336	0.96
0.734	0.96
0.7344	-1.2
0.7348	1.04
0.7352	0.96
0.7356	0.96
0.736	0.96
0.7364	-1.2
0.7368	-1.2
0.7372	-1.2
0.7376	-1.2
0.738	-1.2
0.7384	-1.12
0.7388	-1.12
0.7392	-1.04
0.7396	1.04
0.74	1.04
0.7404	1.04
0.7408	1.04
0.7412	0.96
0.7416	1.04
0.742	1.04
0.7424	1.04
0.7428	-1.2
0.7432	-1.2
0.7436	1.04
0.744	1.04
0.7444	-1.2
0.7448	-1.12
0.7452	1.04
0.7456	1.04
0.746	0.96
0.7464	-1.2
0.7468	0.96
0.7472	0.96
0.7476	0.96
0.748	0.96
0.7484	0.96
0.7488	-1.2
0.7492	-1.2
0.7496	-1.2
0.75	-1.2
0.7504	-1.2
0.7508	-1.2
0.7512	-1.12
0.7516	0.32
0.752	0.96
0.7524	1.04
0.7528	0.96
0.7532	0.96
0.7536	0.96
0.754	0.96
0.7544	0.96
0.7548	-1.2
0.7552	-1.2
0.7556	0.96
0.756	0.96
0.7564	-1.2
0.7568	-1.2
0.7572	-1.12
0.7576	0.96
0.758	0.96
0.7584	1.04
0.7588	-1.2
0.7592	0.96
0.7596	0.96
0.76	0.96
0.7604	0.96
0.7608	-1.28
0.7612	-1.2
0.7616	-1.2
0.762	-1.12
0.7624	-1.2
0.7628	-1.2
0.7632	-1.12
0.7636	-1.12
0.764	0.96
0.7644	1.04
0.7648	1.04
0.7652	1.04
0.7656	0.96
0.766	0.96
0.7664	0.96
0.7668	-0.96
0.7672	-1.2
0.7676	-1.2
0.768	1.04
0.7684	0.96
0.7688	-1.2
0.7692	-1.2
0.7696	1.04
0.77	1.04
0.7704	0.96
0.7708	-1.2
0.7712	1.04
0.7716	0.96
0.772	0.96
0.7724	0.96
0.7728	0.96
0.7732	-1.2
0.7736	-1.2
0.774	-1.2
0.7744	-1.2
0.7748	-1.2
0.7752	-1.2
0.7756	-1.12
0.776	-0.16
0.7764	1.04
0.7768	1.04
0.7772	0.96
0.7776	0.96
0.778	0.96
0.7784	0.96
0.7788	0.96
0.7792	-1.2
0.7796	-1.2
0.78	1.04
0.7804	0.96
0.7808	-1.2
0.7812	-1.2
0.7816	-1.12
0.782	1.04
0.7824	1.04
0.7828	0.96
0.7832	0.88
0.7836	0.96
0.784	0.96
0.7844	0.96
0.7848	0.96
0.7852	-1.04
0.7856	-1.2
0.786	-1.2
0.7864	-1.2
0.7868	-1.2
0.7872	-1.2
0.7876	-1.12
0.788	-1.12
0.7884	0.96
0.7888	1.04
0.7892	0.96
0.7896	0.96
0.79	0.96
0.7904	0.96
0.7908	0.96
0.7912	-1.28
0.7916	-1.2
0.792	-0.16
0.7924	1.04
0.7928	-1.2
0.7932	-1.2
0.7936	-1.2
0.794	0.96
0.7944	1.04
0.7948	1.04
0.7952	-1.2
0.7956	0.96
0.796	0.96
0.7964	0.96
0.7968	0.96
0.7972	0.96
0.7976	-1.28
0.798	-1.28
0.7984	-1.2
0.7988	-1.2
0.7992	-1.2
0.7996	-1.2
0.8	-1.12
0.8004	-1.12
0.8008	1.04
0.8012	0.96
0.8016	1.04
0.802	0.96
0.8024	0.96
0.8028	0.96
0.8032	0.96
0.8036	-1.2
0.804	-1.2
0.8044	0.96
0.8048	0.96
0.8052	-1.2
0.8056	-1.2
0.806	0.96
0.8064	0.96
0.8068	1.04
0.8072	-1.2
0.8076	0.96
0.808	0.96
0.8084	0.96
0.8088	0.96
0.8092	0.96
0.8096	0.16
0.81	-1.28
0.8104	-1.2
0.8108	-1.2
0.8112	-1.2
0.8116	-1.2
0.812	-1.2
0.8124	-1.12
0.8128	1.04
0.8132	0.96
0.8136	0.96
0.814	0.96
0.8144	0.96
0.8148	0.96
0.8152	0.96
0.8156	-1.28
0.816	-1.2
0.8164	0.96
0.8168	0.96
0.8172	-1.2
0.8176	-1.2
0.818	-1.2
0.8184	0.96
0.8188	1.04
0.8192	0.96
0.8196	-1.2
0.82	0.96
0.8204	0.96
0.8208	0.96
0.8212	0.96
0.8216	0.96
0.822	-1.28
0.8224	-1.2
0.8228	-1.2
0.8232	-1.2
0.8236	-1.2
0.824	-1.12
0.8244	-1.12
0.8248	-0.64
0.8252	0.96
0.8256	1.04
0.826	0.96
0.8264	0.96
0.8268	0.96
0.8272	0.96
0.8276	0.96
0.828	-1.2
0.8284	-1.2
0.8288	0.96
0.8292	-1.2
0.8296	-1.2
0.83	-1.2
0.8304	1.04
0.8308	0.96
0.8312	0.96
0.8316	-1.2
0.832	1.04
0.8324	0.96
0.8328	0.96
0.8332	0.96
0.8336	0.96
0.834	-0.96
0.8344	-1.28
0.8348	-1.28
0.8352	-1.2
0.8356	-1.2
0.836	-1.2
0.8364	-1.2
0.8368	-1.12
0.8372	0.96
0.8376	0.96
0.838	0.96
0.8384	0.96
0.8388	0.96
0.8392	0.96
0.8396	0.96
0.84	-1.28
0.8404	-1.2
0.8408	0.96
0.8412	0.96
0.8416	-1.2
0.842	-1.2
0.8424	-1.2
0.8428	1.04
0.8432	0.96
0.8436	0.96
0.844	-0.64
0.8444	0.96
0.8448	1.04
0.8452	0.96
0.8456	0.96
0.846	0.96
0.8464	-1.28
0.8468	-1.28
0.8472	-1.2
0.8476	-1.2
0.848	-1.2
0.8484	-1.2
0.8488	-1.12
0.8492	0.8
0.8496	1.04
0.85	0.96
0.8504	1.04
0.8508	0.96
0.8512	0.96
0.8516	0.96
0.852	-1.2
0.8524	-1.2
0.8528	0.4
0.8532	0.96
0.8536	-1.2
0.854	-1.2
0.8544	-1.2
0.8548	1.04
0.8552	0.96
0.8556	0.96
0.856	-1.2
0.8564	0.96
0.8568	0.96
0.8572	0.96
0.8576	0.96
0.858	0.96
0.8584	-1.2
0.8588	-1.28
0.8592	-1.2
0.8596	-1.2
0.86	-1.2
0.8604	-1.12
0.8608	-1.2
0.8612	-1.12
0.8616	1.04
0.862	1.04
0.8624	0.96
0.8628	0.96
0.8632	0.96
0.8636	0.96
0.864	0.96
0.8644	-1.28
0.8648	-1.2
0.8652	0.96
0.8656	0.96
0.866	-1.2
0.8664	-1.2
0.8668	-1.2
0.8672	0.96
0.8676	0.96
0.868	-1.2
0.8684	0.96
0.8688	0.96
0.8692	0.96
0.8696	0.96
0.87	0.96
0.8704	0.96
0.8708	-1.28
0.8712	-1.2
0.8716	-1.2
0.872	-1.2
0.8724	-1.2
0.8728	-1.12
0.8732	-1.12
0.8736	0.96
0.874	0.96
0.8744	1.04
0.8748	0.96
0.8752	0.96
0.8756	0.96
0.876	0.96
0.8764	-1.2
0.8768	-1.2
0.8772	0.96
0.8776	0.96
0.878	-1.2
0.8784	-1.2
0.8788	-1.2
0.8792	1.04
0.8796	0.96
0.88	0.96
0.8804	-1.2
0.8808	0.96
0.8812	0.96
0.8816	0.96
0.882	0.96
0.8824	0.96
0.8828	0.64
0.8832	-1.2
0.8836	-1.2
0.884	-1.2
0.8844	-1.2
0.8848	-1.2
0.8852	-1.12
0.8856	-1.2
0.886	0.96
0.8864	0.96
0.8868	0.96
0.8872	0.96
0.8876	0.96
0.888	0.96
0.8884	0.96
0.8888	-1.2
0.8892	-1.2
0.8896	0.96
0.89	0.96
0.8904	-1.2
0.8908	-1.2
0.8912	-1.12
0.8916	0.96
0.892	0.96
0.8924	-1.2
0.8928	0.96
0.8932	0.96
0.8936	0.96
0.894	0.96
0.8944	0.96
0.8948	0.96
0.8952	-1.28
0.8956	-1.2
0.896	-1.28
0.8964	-1.2
0.8968	-1.2
0.8972	-1.12
0.8976	-1.12
0.898	1.04
0.8984	0.96
0.8988	0.96
0.8992	0.96
0.8996	1.04
0.9	0.96
0.9004	0.96
0.9008	-1.2
0.9012	-1.2
0.9016	0.96
0.902	0.96
0.9024	-1.2
0.9028	-1.2
0.9032	-1.2
0.9036	0.96