-0.18	-0.006
-0.178	0.002
-0.176	0.006
-0.174	0.064
-0.172	0
-0.17	-0.066
-0.168	0.002
-0.166	0.004
-0.164	0.03
-0.162	0.004
-0.16	-0.008
-0.158	0
-0.156	0.004
-0.154	-0.016
-0.152	0.002
-0.15	0.01
-0.148	0.004
-0.146	0.006
-0.144	-0.016
-0.142	0
-0.14	0.012
-0.138	0.008
-0.136	0.006
-0.134	-0.016
-0.132	0.002
-0.13	0.01
-0.128	0.046
-0.126	0.002
-0.124	-0.058
-0.122	0.002
-0.12	0.006
-0.118	0.036
-0.116	0.004
-0.114	-0.01
-0.112	0.002
-0.11	0.004
-0.108	-0.024
-0.106	0.004
-0.104	0.016
-0.102	0.002
-0.1	0.006
-0.098	-0.012
-0.096	0.002
-0.094	0.01
-0.092	0.006
-0.09	0.006
-0.088	-0.018
-0.086	0
-0.084	0.008
-0.082	0.042
-0.08	0
-0.078	-0.05
-0.076	0.004
-0.074	0.006
-0.072	0.04
-0.07	0.002
-0.068	-0.018
-0.066	0.002
-0.064	0
-0.062	-0.026
-0.06	0.006
-0.058	0.022
-0.056	0.004
-0.054	0.006
-0.052	-0.01
-0.05	0.002
-0.048	0.006
-0.046	0.006
-0.044	0.006
-0.042	-0.02
-0.04	0
-0.038	0.008
-0.036	0.038
-0.034	0
-0.032	-0.044
-0.03	0.006
-0.028	0
-0.026	0.034
-0.024	0.004
-0.022	-0.024
-0.02	0.002
-0.018	0.004
-0.016	-0.024
-0.014	0.008
-0.012	0.026
-0.01	0.002
-0.008	0.008
-0.006	-0.008
-0.004	0.002
-0.002	0
0	0.006
0.002	0.008
0.004	-0.022
0.006	0
0.008	0.014
0.01	0.034
0.012	0
0.014	-0.042
0.016	0.004
0.018	0
0.02	0.032
0.022	0.002
0.024	-0.022
0.026	0.002
0.028	0.002
0.03	-0.018
0.032	0.006
0.034	0.024
0.036	0
0.038	0.006
0.04	-0.014
0.042	0.004
0.044	0
0.046	0.008
0.048	0.008
0.05	-0.022
0.052	0.002
0.054	0.014
0.056	0.032
0.058	0
0.06	-0.04
0.062	0.006
0.064	0
0.066	0.03
0.068	0.004
0.07	-0.022
0.072	0.004
0.074	0.006
0.076	-0.016
0.078	0.006
0.08	0.024
0.082	0.002
0.084	0.006
0.086	-0.016
0.088	0.006
0.09	0
0.092	0.008
0.094	0.008
0.096	-0.022
0.098	0.002
0.1	0.014
0.102	0.028
0.104	-0.002
0.106	-0.042
0.108	0.006
0.11	0
0.112	0.028
0.114	0.006
0.116	-0.018
0.118	0.006
0.12	0.004
0.122	-0.016
0.124	0.008
0.126	0.022
0.128	0.002
0.13	0.006
0.132	-0.018
0.134	0.006
0.136	0.002
0.138	0.01
0.14	0.01
0.142	-0.018
0.144	0
0.146	0.01
0.148	0.028
0.15	-0.002
0.152	-0.038
0.154	0.008
0.156	0.004
0.158	0.024
0.16	0.006
0.162	-0.014
0.164	0.004
0.166	0.002
0.168	-0.016
0.17	0.01
0.172	0.02
0.174	0
0.176	0.008
0.178	-0.02
0.18	0.006
0.182	0.004
0.184	0.01
0.186	0.01
0.188	-0.022
0.19	-0.002
0.192	0.008
0.194	0.026
0.196	0
0.198	-0.038
0.2	0.006
0.202	0.004
0.204	0.022
0.206	0.006
0.208	-0.01
0.21	0.006
0.212	-0.002
0.214	-0.016
0.216	0.008
0.218	0.018
0.22	0
0.222	0.01
0.224	-0.016
0.226	0.004
0.228	0.004
0.23	0.01
0.232	0.006
0.234	-0.02
0.236	0
0.238	0.006
0.24	0.024
0.242	0
0.244	-0.036
0.246	0.008
0.248	0.006
0.25	0.018
0.252	0.004
0.254	-0.008
0.256	0.006
0.258	0
0.26	-0.016
0.262	0.008
0.264	0.018
0.266	0
0.268	0.014
0.27	-0.018
0.272	0.002
0.274	0.006
0.276	0.012
0.278	0.008
0.28	-0.02
0.282	0.002
0.284	0.006
0.286	0.024
0.288	0.002
0.29	-0.034
0.292	0.006
0.294	0.006
0.296	0.016
0.298	0.004
0.3	-0.006
0.302	0.008
0.304	-0.002
0.306	-0.016
0.308	0.01
0.31	0.016
0.312	0
0.314	0.014
0.316	-0.02
0.318	0.004
0.32	0.004
0.322	0.012
0.324	0.006
0.326	-0.022
0.328	0.004
0.33	0.004
0.332	0.022
0.334	0.002
0.336	-0.032
0.338	0.008
0.34	0.008
0.342	0.014
0.344	0.004
0.346	-0.004
0.348	0.006
0.35	-0.002
0.352	-0.016
0.354	0.012
0.356	0.014
0.358	0
0.36	0.014
0.362	-0.02
0.364	0.002
0.366	0.004
0.368	0.012
0.37	0.006
0.372	-0.024
0.374	0.006
0.376	0.006
0.378	0.02
0.38	0
0.382	-0.03
0.384	0.006
0.386	0.006
0.388	0.01
0.39	0.002
0.392	-0.002
0.394	0.008
0.396	-0.002
0.398	-0.016
0.4	0.012
0.402	0.016
0.404	-0.002
0.406	0.014
0.408	-0.018
0.41	0.002
0.412	0.002
0.414	0.014
0.416	0.004
0.418	-0.022
0.42	0.006
0.422	0.004
0.424	0.02
0.426	0.002
0.428	-0.028
0.43	0.008
0.432	0.006
0.434	0.008
0.436	0.004
0.438	0
0.44	0.008
0.442	-0.002
0.444	-0.016
0.446	0.012
0.448	0.016
0.45	0
0.452	0.014
0.454	-0.02
0.456	0
0.458	0.002
0.46	0.014
0.462	0.004
0.464	-0.024
0.466	0.004
0.468	0.006
0.47	0.018
0.472	0
0.474	-0.024
0.476	0.006
0.478	0.006
0.48	0.006
0.482	0.006
0.484	0.004
0.486	0.006
0.488	-0.002
0.49	-0.016
0.492	0.01
0.494	0.014
0.496	0
0.498	0.012
0.5	-0.02
0.502	0
0.504	0.002
0.506	0.016
0.508	0.004
0.51	-0.024
0.512	0.006
0.514	0.006
0.516	0.018
0.518	0.002
0.52	-0.022
0.522	0.006
0.524	0.004
0.526	0.006
0.528	0.006
0.53	0.006
0.532	0.006
0.534	0
0.536	-0.018
0.538	0.01
0.54	0.014
0.542	0
0.544	0.012
0.546	-0.018
0.548	0
0.55	0.002
0.552	0.014
0.554	0.004
0.556	-0.024
0.558	0.004
0.56	0.008
0.562	0.016
0.564	0
0.566	-0.018
0.568	0.008
0.57	0.004
0.572	0.002
0.574	0.008
0.576	0.006
0.578	0.006
0.58	0
0.582	-0.018
0.584	0.008
0.586	0.012
0.588	0
0.59	0.014
0.592	-0.022
0.594	0
0.596	0.002
0.598	0.016
0.6	0.006
0.602	-0.022
0.604	0.006
0.606	0.006
0.608	0.014
0.61	0.002
0.612	-0.014
0.614	0.008
0.616	0.004
0.618	-0.002
0.62	0.01
0.622	0.008
0.624	0.006
0.626	0.002
0.628	-0.018
0.63	0.008
0.632	0.01
0.634	0.004
0.636	0.012
0.638	-0.022
0.64	0.002
0.642	0
0.644	0.016
0.646	0.004
0.648	-0.022
0.65	0.004
0.652	0.006
0.654	0.012
0.656	0
0.658	-0.012
0.66	0.008
0.662	0.004
0.664	-0.004
0.666	0.008
0.668	0.008
0.67	0.004
0.672	0.002
0.674	-0.018
0.676	0.006
0.678	0.008
0.68	0.004
0.682	0.014
0.684	-0.02
0.686	0.002
0.688	0.004
0.69	0.014
0.692	0.004
0.694	-0.022
0.696	0.008
0.698	0.008
0.7	0.01
0.702	0.002
0.704	-0.01
0.706	0.008
0.708	0.002
0.71	-0.004
0.712	0.008
0.714	0.012
0.716	0.002
0.718	0.004
0.72	-0.02
0.722	0.006
0.724	0.008
0.726	0.006
0.728	0.012
0.73	-0.024
0.732	0.004
0.734	0.002
0.736	0.012
0.738	0.002
0.74	-0.02
0.742	0.006
0.744	0.006
0.746	0.01
0.748	0.002
0.75	-0.008
0.752	0.008
0.754	0.002
0.756	-0.006
0.758	0.012
0.76	0.01
0.762	0.004
0.764	0.004
0.766	-0.018
0.768	0.006
0.77	0.008
0.772	0.004
0.774	0.012
0.776	-0.022
0.778	0.002
0.78	0.004
0.782	0.012
0.784	0
0.786	-0.018
0.788	0.006
0.79	0.006
0.792	0.008
0.794	0.002
0.796	-0.004
0.798	0.006
0.8	0.002
0.802	-0.01
0.804	0.012
0.806	0.01
0.808	0.002
0.81	0.006
0.812	-0.018
0.814	0.006
0.816	0.008
0.818	0.006
0.82	0.01
0.822	-0.022
0.824	0.004
0.826	0.004
0.828	0.012
0.83	-0.002
0.832	-0.016
0.834	0.006
0.836	0.006
0.838	0.008
0.84	0.004
0.842	0
0.844	0.006
0.846	0
0.848	-0.012
0.85	0.01
0.852	0.01
0.854	0.002
0.856	0.006
0.858	-0.018
0.86	0.006
0.862	0.006
0.864	0.006
0.866	0.01
0.868	-0.022
0.87	0.002
0.872	0.006
0.874	0.012
0.876	0
0.878	-0.014
0.88	0.008
0.882	0.006
0.884	0.004
0.886	0.006
0.888	0.002
0.89	0.006
0.892	0.002
0.894	-0.012
0.896	0.012
0.898	0.012
0.9	0.002
0.902	0.006
0.904	-0.02
0.906	0.004
0.908	0.006
0.91	0.008
0.912	0.01
0.914	-0.022
0.916	0.002
0.918	0.004
0.92	0.01
0.922	0
0.924	-0.012
0.926	0.008
0.928	0.004
0.93	0.004
0.932	0.006
0.934	0.004
0.936	0.004
0.938	0.002
0.94	-0.014
0.942	0.01
0.944	0.012
0.946	0.002
0.948	0.008
0.95	-0.018
0.952	0.002
0.954	0.004
0.956	0.008
0.958	0.01
0.96	-0.022
0.962	0.004
0.964	0.004
0.966	0.008
0.968	0
0.97	-0.01
0.972	0.008
0.974	0.004
0.976	0
0.978	0.006
0.98	0.006
0.982	0.004
0.984	0.002
0.986	-0.016
0.988	0.008
0.99	0.01
0.992	0.002
0.994	0.008
0.996	-0.02
0.998	0.002
1	0.004
1.002	0.008
1.004	0.008
1.006	-0.02
1.008	0.004
1.01	0.006
1.012	0.006
1.014	0
1.016	-0.006
1.018	0.008
1.02	0.004
1.022	0
1.024	0.006
1.026	0.008
1.028	0.006
1.03	0.002
1.032	-0.016
1.034	0.01
1.036	0.008
1.038	0.004
1.04	0.008
1.042	-0.018
1.044	0.002
1.046	0.004
1.048	0.008
1.05	0.008
1.052	-0.018
1.054	0.006
1.056	0.006
1.058	0.008
1.06	0
1.062	-0.004
1.064	0.008
1.066	0.002
1.068	-0.002
1.07	0.008
1.072	0.008
1.074	0.004
1.076	0.002
1.078	-0.014
1.08	0.01
1.082	0.008
1.084	0.002
1.086	0.008
1.088	-0.02
1.09	0.002
1.092	0.004
1.094	0.006
1.096	0.006
1.098	-0.016
1.1	0.006
1.102	0.006
1.104	0.006
1.106	0
1.108	0
1.11	0.008
1.112	0.002
1.114	-0.004
1.116	0.008
1.118	0.006
1.12	0.002
1.122	0.006
1.124	-0.016
1.126	0.008
1.128	0.008
1.13	0.004
1.132	0.008
1.134	-0.02
1.136	0.002
1.138	0.004
1.14	0.008
1.142	0.006
1.144	-0.016
1.146	0.006
1.148	0.006
1.15	0.006
1.152	0
1.154	0
1.156	0.008
1.158	0
1.16	-0.006
1.162	0.008
1.164	0.008
1.166	0.002
1.168	0.004
1.17	-0.016
1.172	0.006
1.174	0.008
1.176	0.004
1.178	0.006
1.18	-0.02
1.182	0
1.184	0.004
1.186	0.008
1.188	0.004
1.19	-0.012
1.192	0.006
1.194	0.004
1.196	0.004
1.198	0.002
1.2	0.002
1.202	0.006
1.204	0.002
1.206	-0.006
1.208	0.01
1.21	0.008
1.212	0.002
1.214	0.006
1.216	-0.018
1.218	0.006
1.22	0.008
1.222	0.004
1.224	0.006
1.226	-0.02
1.228	0.002
1.23	0.004
1.232	0.008
1.234	0.004
1.236	-0.01
1.238	0.006
1.24	0.004
1.242	0.002
1.244	0.002
1.246	0.004
1.248	0.006
1.25	0
1.252	-0.008
1.254	0.01
1.256	0.008
1.258	0.002
1.26	0.006
1.262	-0.018
1.264	0.006
1.266	0.008
1.268	0.008
1.27	0.006
1.272	-0.018
1.274	0.002
1.276	0.004
1.278	0.006
1.28	0.004
1.282	-0.008
1.284	0.006
1.286	0.004
1.288	0.002
1.29	0.004
1.292	0.006
1.294	0.006
1.296	0
1.298	-0.01
1.3	0.01
1.302	0.008
1.304	0.004
1.306	0.006
1.308	-0.016
1.31	0.004
1.312	0.006
1.314	0.006
1.316	0.008
1.318	-0.016
1.32	0.002
1.322	0.002
1.324	0.006
1.326	0.002
1.328	-0.006
1.33	0.006
1.332	0.002
1.334	0
1.336	0.004
1.338	0.008
1.34	0.006
1.342	0.002
1.344	-0.01
1.346	0.008
1.348	0.008
1.35	0.002
1.352	0.008
1.354	-0.016
1.356	0.004
1.358	0.006
1.36	0.006
1.362	0.006
1.364	-0.016
1.366	0.002
1.368	0.004
1.37	0.004
1.372	0.002
1.374	-0.002
1.376	0.006
1.378	0.002
1.38	0
1.382	0.004
1.384	0.008
1.386	0.006
1.388	0.002
1.39	-0.01
1.392	0.008
1.394	0.006
1.396	0.002
1.398	0.006
1.4	-0.016
1.402	0.002
1.404	0.006
1.406	0.006
1.408	0.006
1.41	-0.014
1.412	0.004
1.414	0.004
1.416	0.006
1.418	0.004
1.42	0
1.422	0.006
1.424	0.002
1.426	-0.004
1.428	0.002
1.43	0.006
1.432	0.004
1.434	0.002
1.436	-0.01
1.438	0.006
1.44	0.006
1.442	0.006
1.444	0.006
1.446	-0.018
1.448	0.002
1.45	0.004
1.452	0.008
1.454	0.006
1.456	-0.014
1.458	0.004
1.46	0.006
1.462	0.004
1.464	0.002
1.466	0
1.468	0.006
1.47	0.002
1.472	-0.002
1.474	0.004
1.476	0.008
1.478	0.004
1.48	0.002
1.482	-0.012
1.484	0.006
1.486	0.006
1.488	0.002
1.49	0.006
1.492	-0.016
1.494	0.002
1.496	0.004
1.498	0.006
1.5	0.006
1.502	-0.01
1.504	0.004
1.506	0.002
1.508	0.002
1.51	0.004
1.512	0.004
1.514	0.006
1.516	0.002
1.518	-0.002
1.52	0.006
1.522	0.008
1.524	0.002
1.526	0.004
1.528	-0.012
1.53	0.006
1.532	0.006
1.534	0.004
1.536	0.006
1.538	-0.016
1.54	0.004
1.542	0.006
1.544	0.006
1.546	0.006
1.548	-0.01
1.55	0.002
1.552	0.002
1.554	0.002
1.556	0.004
1.558	0.004
1.56	0.006
1.562	0
1.564	-0.004
1.566	0.006
1.568	0.008
1.57	0.004
1.572	0.004
1.574	-0.012
1.576	0.006
1.578	0.006
1.58	0.004
1.582	0.006
1.584	-0.016
1.586	0.002
1.588	0.006
1.59	0.006
1.592	0.006
1.594	-0.008
1.596	0.002
1.598	0.002
1.6	0.002
1.602	0.004
1.604	0.004
1.606	0.006
1.608	0
1.61	-0.004
1.612	0.006
1.614	0.008
1.616	0.004
1.618	0.004
1.62	-0.014
1.622	0.006
1.624	0.006
1.626	0.006
1.628	0.006
1.63	-0.016
1.632	0.002
1.634	0.004
1.636	0.006
1.638	0.006
1.64	-0.004
1.642	0.004
1.644	0.002
1.646	0.002
1.648	0.006
1.65	0.006
1.652	0.004
1.654	0.002
1.656	-0.006
1.658	0.006
1.66	0.006
1.662	0.004
1.664	0.006
1.666	-0.014
1.668	0.004
1.67	0.006
1.672	0.006
1.674	0.006
1.676	-0.014
1.678	0.002
1.68	0.004
1.682	0.004
1.684	0.004
1.686	-0.004
1.688	0.004
1.69	0
1.692	0.002
1.694	0.004
1.696	0.008
1.698	0.006
1.7	0
1.702	-0.006
1.704	0.006
1.706	0.008
1.708	0.006
1.71	0.006
1.712	-0.012
1.714	0.004
1.716	0.004
1.718	0.004
1.72	0.006
1.722	-0.012
1.724	0.004
1.726	0.002
1.728	0.004
1.73	0.006
1.732	-0.002
1.734	0.004
1.736	0
1.738	0.002
1.74	0.006
1.742	0.008
1.744	0.006
1.746	0.002
1.748	-0.008
1.75	0.006
1.752	0.006
1.754	0.004
1.756	0.006
1.758	-0.012
1.76	0.004
1.762	0.002
1.764	0.006
1.766	0.006
1.768	-0.012
1.77	0.002
1.772	0.002
1.774	0.004
1.776	0.004
1.778	0
1.78	0.004
1.782	0.002
1.784	0
1.786	0.004
1.788	0.008
1.79	0.006
1.792	0.002
1.794	-0.008
1.796	0.006
1.798	0.006
1.8	0.002
1.802	0.004
1.804	-0.012
1.806	0.004
1.808	0.004
1.81	0.004
1.812	0.006
1.814	-0.012
1.816	0.002
1.818	0.004
1.82	0.004
1.822	0.002
1.824	0.002
1.826	0.004
1.828	0
1.83	0
1.832	0.004
1.834	0.006
1.836	0.006
1.838	0.002
1.84	-0.008
1.842	0.004
1.844	0.006
1.846	0.002
1.848	0.004
1.85	-0.012
1.852	0.004
1.854	0.004
1.856	0.004
1.858	0.006
1.86	-0.008
1.862	0.004
1.864	0.002
1.866	0.002
1.868	0.002
1.87	0.002
1.872	0.004
1.874	0
1.876	-0.002
1.878	0.004
1.88	0.008
1.882	0.004
1.884	0.002
1.886	-0.008
1.888	0.006
1.89	0.006
1.892	0.002
1.894	0.004
1.896	-0.01
1.898	0.004
1.9	0.002
1.902	0.004
1.904	0.006
1.906	-0.01
1.908	0.004
1.91	0.002
1.912	0.002
1.914	0.002
1.916	0.006
1.918	0.006
1.92	0
1.922	0
1.924	0.004
1.926	0.008
1.928	0.004
1.93	0.004
1.932	-0.008
1.934	0.002
1.936	0.006
1.938	0.002
1.94	0.004
1.942	-0.012
1.944	0.004
1.946	0.006
1.948	0.006
1.95	0.004
1.952	-0.008
1.954	0.004
1.956	0
1.958	0.004
1.96	0.004
1.962	0.004
1.964	0.006
1.966	0
1.968	-0.004
1.97	0.004
1.972	0.006
1.974	0.006
1.976	0
1.978	-0.008
1.98	0.004
1.982	0.006
1.984	0.002
1.986	0.004
1.988	-0.012
1.99	0.004
1.992	0.004
1.994	0.002
1.996	0.006
1.998	-0.008
2	0.004
2.002	0.002
2.004	0.002
2.006	0.004
2.008	0.008
2.01	0.004
2.012	-0.002
2.014	-0.006
2.016	0.004
2.018	0.008
2.02	0.004
2.022	0
2.024	-0.008
2.026	0.004
2.028	0.006
2.03	0.004
2.032	0.004
2.034	-0.012
2.036	0.006
2.038	0.002
2.04	0.004
2.042	0.006
2.044	-0.004
2.046	0.004
2.048	0
2.05	0.002
2.052	0.004
2.054	0.006
2.056	0.006
2.058	0
2.06	-0.004
2.062	0.006
2.064	0.008
2.066	0.004
2.068	0
2.07	-0.01
2.072	0.002
2.074	0.004
2.076	0.004
2.078	0.004
2.08	-0.012
2.082	0.004
2.084	0.002
2.086	0.004
2.088	0.006
2.09	-0.002
2.092	0.002
2.094	0.002
2.096	0
2.098	0.006
2.1	0.008
2.102	0.004
2.104	0
2.106	-0.002
2.108	0.004
2.11	0.006
2.112	0.006
2.114	0.002
2.116	-0.01
2.118	0.002
2.12	0.004
2.122	0.004
2.124	0.006
2.126	-0.008
2.128	0.004
2.13	0.002
2.132	0.004
2.134	0.004
2.136	0
2.138	0.004
2.14	0
2.142	0.002
2.144	0.004
2.146	0.008
2.148	0.004
2.15	0
2.152	-0.004
2.154	0.004
2.156	0.006
2.158	0.004
2.16	0.004
2.162	-0.008
2.164	0.002
2.166	0.002
2.168	0.004
2.17	0.004
2.172	-0.008
2.174	0.004
2.176	0.002
2.178	0.002
2.18	0.004
2.182	0
2.184	0.004
2.186	0
2.188	0
2.19	0.002
2.192	0.008
2.194	0.004
2.196	0.002
2.198	-0.004
2.2	0.004
2.202	0.006
2.204	0.004
2.206	0.002
2.208	-0.008
2.21	0.004
2.212	0.004
2.214	0.004
2.216	0.004
2.218	-0.008
2.22	0.006
2.222	0.002
2.224	0.004
2.226	0.004
2.228	0.002
2.23	0.004
2.232	0
2.234	0
2.236	0.004
2.238	0.01
2.24	0.004
2.242	0
2.244	-0.006
2.246	0.002
2.248	0.006
2.25	0.002
2.252	0
2.254	-0.008
2.256	0.004
2.258	0.002
2.26	0.004
2.262	0.006
2.264	-0.008
2.266	0.004
2.268	0
2.27	0.004
2.272	0.004
2.274	0.004
2.276	0.002
2.278	0
2.28	0
2.282	0.004
2.284	0.008
2.286	0.004
2.288	0
2.29	-0.006
2.292	0.004
2.294	0.004
2.296	0.006
2.298	0.002
2.3	-0.01
2.302	0.004
2.304	0.004
2.306	0.004
2.308	0.006
2.31	-0.006
2.312	0.004
2.314	0
2.316	0.004
2.318	0.004
2.32	0.004
2.322	0.004
2.324	0
2.326	0
2.328	0.002
2.33	0.006
2.332	0.004
2.334	0
2.336	-0.004
2.338	0.004
2.34	0.004
2.342	0.004
2.344	0
2.346	-0.01
2.348	0.002
2.35	0.002
2.352	0.002
2.354	0.002
2.356	-0.004
2.358	0.004
2.36	0.002
2.362	0.002
2.364	0.004
2.366	0.002
2.368	0.004
2.37	0
2.372	0
2.374	0.002
2.376	0.008
2.378	0.002
2.38	0
2.382	-0.004
2.384	0.002
2.386	0.004
2.388	0.004
2.39	0.004
2.392	-0.006
2.394	0.004
2.396	0.002
2.398	0.006
2.4	0.004
2.402	-0.002
2.404	0.004
2.406	0
2.408	0.004
2.41	0.004
2.412	0.006
2.414	0.004
2.416	-0.002
2.418	-0.002
2.42	0.004
2.422	0.008
2.424	0.004
2.426	0
2.428	-0.004
2.43	0.002
2.432	0.004
2.434	0.004
2.436	0.004
2.438	-0.008
2.44	0.004
2.442	0.002
2.444	0.004
2.446	0.004
2.448	-0.002
2.45	0.004
2.452	0
2.454	0.002
2.456	0.004
2.458	0.006
2.46	0.004
2.462	-0.002
2.464	-0.004
2.466	0.002
2.468	0.008
2.47	0.004
2.472	0
2.474	-0.006
2.476	0.004
2.478	0.004
2.48	0.006
2.482	0.004
2.484	-0.008
2.486	0.004
2.488	0.002
2.49	0.004
2.492	0.004
2.494	-0.002
2.496	0.006
2.498	0
2.5	0.002
2.502	0.004
2.504	0.006
2.506	0.004
2.508	-0.002
2.51	-0.002
2.512	0.002
2.514	0.008
2.516	0.004
2.518	0
2.52	-0.006
2.522	0
2.524	0.004
2.526	0.006
2.528	0.004
2.53	-0.008
2.532	0.004
2.534	0.002
2.536	0.002
2.538	0.006
2.54	0
2.542	0.004
2.544	0
2.546	0
2.548	0.004
2.55	0.008
2.552	0.004
2.554	-0.002
2.556	-0.004
2.558	0.004
2.56	0.006
2.562	0.004
2.564	0.002
2.566	-0.006
2.568	0.002
2.57	0.002
2.572	0.004
2.574	0.002
2.576	-0.006
2.578	0.004
2.58	0
2.582	0.002
2.584	0.002
2.586	0
2.588	0.004
2.59	0
2.592	0.002
2.594	0.004
2.596	0.004
2.598	0.004
2.6	0
2.602	0
2.604	0.002
2.606	0.008
2.608	0.004
2.61	0.002
2.612	-0.004
2.614	0.002
2.616	0.002
2.618	0.004
2.62	0.002
2.622	-0.004
2.624	0.004
2.626	0.002
2.628	0.002
2.63	0.004
2.632	0.002
2.634	0.004
2.636	0
2.638	0.002
2.64	0.004
2.642	0.008
2.644	0.004
2.646	0
2.648	-0.002
2.65	0.002
2.652	0.006
2.654	0.002
2.656	0.002
2.658	-0.006
2.66	0.002
2.662	0.002
2.664	0.006
2.666	0.002
2.668	-0.004
2.67	0.004
2.672	0
2.674	0.004
2.676	0.004
2.678	0
2.68	0.004
2.682	0
2.684	0.002
2.686	0.002
2.688	0.006
2.69	0.004
2.692	0
2.694	-0.002
2.696	0.002
2.698	0.006
2.7	0.002
2.702	0
2.704	-0.006
2.706	0.004
2.708	0.002
2.71	0.004
2.712	0.002
2.714	-0.004
2.716	0.006
2.718	0
2.72	0.004
2.722	0.004
2.724	0.002
2.726	0.002
2.728	0
2.73	0
2.732	0.002
2.734	0.008
2.736	0.004
2.738	-0.002
2.74	0
2.742	0.002
2.744	0.006
2.746	0.004
2.748	0.002
2.75	-0.006
2.752	0.004
2.754	0.002
2.756	0.004
2.758	0.006
2.76	-0.002
2.762	0.004
2.764	0
2.766	0.002
2.768	0.004
2.77	0.004
2.772	0.004
2.774	-0.002
2.776	0
2.778	0.004
2.78	0.006
2.782	0.004
2.784	0
2.786	-0.002
2.788	0.002
2.79	0.004
2.792	0.004
2.794	0
2.796	-0.006
2.798	0.002
2.8	0
2.802	0.004
2.804	0.002
2.806	-0.002
2.808	0.006
2.81	0
2.812	0.002
2.814	0.004
2.816	0.006
2.818	0.004
2.82	-0.002
2.822	0
2.824	0.002
2.826	0.008
2.828	0.004
2.83	0
2.832	-0.002
2.834	0
2.836	0.006
2.838	0.002
2.84	0.002
2.842	-0.004
2.844	0.002
2.846	0.002
2.848	0.004
2.85	0.004
2.852	-0.002
2.854	0.004
2.856	0
2.858	0.004
2.86	0.004
2.862	0.004
2.864	0.006
2.866	-0.002
2.868	0
2.87	0.004
2.872	0.006
2.874	0.004
2.876	0
2.878	-0.006
2.88	0.002
2.882	0.004
2.884	0.006
2.886	0.004
2.888	-0.004
2.89	0.002
2.892	0
2.894	0.004
2.896	0.006
2.898	0
2.9	0.006
2.902	0
2.904	0.002
2.906	0.004
2.908	0.006
2.91	0.004
2.912	-0.002
2.914	0
2.916	0.002
2.918	0.006
2.92	0.004
2.922	0
2.924	-0.002
2.926	0
2.928	0.004
2.93	0.004
2.932	0.002
2.934	-0.004
2.936	0.004
2.938	0.002
2.94	0.004
2.942	0.004
2.944	0
2.946	0.004
2.948	-0.002
2.95	0
2.952	0.002
2.954	0.004
2.956	0.004
2.958	0
2.96	-0.002
2.962	0.002
2.964	0.006
2.966	0.004
2.968	0
2.97	-0.004
2.972	0.004
2.974	0.004
2.976	0.002
2.978	0.002
2.98	-0.002
2.982	0.002
2.984	0
2.986	0.004
2.988	0.004
2.99	0
2.992	0.006
2.994	-0.002
2.996	0.002
2.998	0.004
3	0.004
3.002	0.004
3.004	-0.002
3.006	-0.002
3.008	0.004
3.01	0.006
3.012	0.004
3.014	-0.002
3.016	-0.004
3.018	0
3.02	0.002
3.022	0.004
3.024	0
3.026	-0.004
3.028	0.004
3.03	0
3.032	0.002
3.034	0.004
3.036	0.002
3.038	0.006
3.04	-0.002
3.042	0.002
3.044	0.002
3.046	0.006
3.048	0.004
3.05	0
3.052	0
3.054	0.002
3.056	0.006
3.058	0.002
3.06	0
3.062	-0.002
3.064	0.002
3.066	0.002
3.068	0.004
3.07	0.002
3.072	-0.002
3.074	0.004
3.076	0
3.078	0.002
3.08	0.002
3.082	0.002
3.084	0.004
3.086	-0.002
3.088	0.002
3.09	0.002
3.092	0.006
3.094	0.004
3.096	-0.002
3.098	0
3.1	0.002
3.102	0.006
3.104	0.002
3.106	0
3.108	-0.002
3.11	0.002
3.112	0
3.114	0.004
3.116	0.002
3.118	-0.002
3.12	0.002
3.122	0
3.124	0.004
3.126	0.002
3.128	0.002
3.13	0.004
3.132	-0.002
3.134	0.002
3.136	0.002
3.138	0.006
3.14	0.004
3.142	0
3.144	0
3.146	0.002
3.148	0.006
3.15	0.002
3.152	0
3.154	-0.002
3.156	0.002
3.158	0.004
3.16	0.004
3.162	0.002
3.164	-0.002
3.166	0.004
3.168	-0.002
3.17	0.004
3.172	0.002
3.174	0.002
3.176	0.004
3.178	-0.002
3.18	0
3.182	0.002
3.184	0.006
3.186	0.002
3.188	-0.002
3.19	0
3.192	0.002
3.194	0.006
3.196	0.002
3.198	0
3.2	-0.002
3.202	0.002
3.204	0.002
3.206	0.004
3.208	0.002
3.21	-0.002
3.212	0.004
3.214	-0.002
3.216	0.002
3.218	0.004
3.22	0.004
3.222	0.004
3.224	-0.002
3.226	0.002
3.228	0.002
3.23	0.006
3.232	0.004
3.234	-0.002
3.236	-0.002
3.238	0
3.24	0.006
3.242	0.004
3.244	0
3.246	-0.002
3.248	0.002
3.25	0.002
3.252	0.004
3.254	0.004
3.256	0
3.258	0.004
3.26	-0.002
3.262	0.002
3.264	0.002
3.266	0.004
3.268	0.004
3.27	-0.002
3.272	0
3.274	0.004
3.276	0.006
3.278	0.004
3.28	-0.002
3.282	0
3.284	0.002
3.286	0.004
3.288	0.004
3.29	0
3.292	-0.002
3.294	0.002
3.296	0
3.298	0.004
3.3	0.002
3.302	0
3.304	0.004
3.306	-0.002
3.308	0.004
3.31	0.004
3.312	0.004
3.314	0.004
3.316	-0.002
3.318	0.002
3.32	0.002
3.322	0.006
3.324	0.002
3.326	0
3.328	0
3.33	0
3.332	0.004
3.334	0.002
3.336	0
3.338	-0.002
3.34	0.002
3.342	0
3.344	0.004
3.346	0.002
3.348	0
3.35	0.004
3.352	-0.002
3.354	0.004
3.356	0.004
3.358	0.004
3.36	0.004
3.362	0
3.364	0.002
3.366	0.002
3.368	0.006
3.37	0.004
3.372	0
3.374	0
3.376	0
3.378	0.004
3.38	0.002
3.382	0
3.384	0
3.386	0.004
3.388	0
3.39	0.004
3.392	0.002
3.394	0.002
3.396	0.004
3.398	-0.002
3.4	0.002
3.402	0.004
3.404	0.004
3.406	0.004
3.408	0
3.41	0
3.412	0.002
3.414	0.006
3.416	0.004
3.418	0
3.42	0
3.422	0.002
3.424	0.004
3.426	0.002
3.428	0
3.43	0
3.432	0.002
3.434	0.002
3.436	0.004
3.438	0.002
3.44	0.002
3.442	0.004
3.444	-0.002
3.446	0.002
3.448	0.002
3.45	0.004
3.452	0.004
3.454	-0.002
3.456	0.002
3.458	0.002
3.46	0.006
3.462	0.002
3.464	-0.002
3.466	0
3.468	0.002
3.47	0.004
3.472	0.002
3.474	0
3.476	0
3.478	0.002
3.48	0
3.482	0.004
3.484	0.002
3.486	0.002
3.488	0.006
3.49	-0.002
3.492	0.002
3.494	0.002
3.496	0.004
3.498	0.002
3.5	-0.004
3.502	0.002
3.504	0.004
3.506	0.006
3.508	0.002
3.51	0
3.512	0
3.514	0.002
3.516	0.002
3.518	0.004
3.52	0.002
3.522	0
3.524	0.004
3.526	0.002
3.528	0.002
3.53	0
3.532	0.002
3.534	0.004
3.536	-0.002
3.538	0.002
3.54	0.002
3.542	0.006
3.544	0.004
3.546	-0.002
3.548	0.002
3.55	0
3.552	0.004
3.554	0.002
3.556	0
3.558	0
3.56	0
3.562	0.002
3.564	0.004
3.566	0.002
3.568	0
3.57	0.004
3.572	-0.002
3.574	0.004
3.576	0.004
3.578	0.002
3.58	0.004
3.582	-0.004
3.584	0.004
3.586	0.002
3.588	0.006
3.59	0.004
3.592	-0.002
3.594	0.002
3.596	0.004
3.598	0.006
3.6	0.004
3.602	-0.002
3.604	-0.002
3.606	0.002
3.608	0.002
3.61	0.002
3.612	0.002
3.614	0
3.616	0.002
3.618	-0.002
3.62	0.004
3.622	0.004
3.624	0.002
3.626	0.004
3.628	-0.004
3.63	0.002
3.632	0.002
3.634	0.004
3.636	0.004
3.638	-0.002
3.64	0
3.642	0
3.644	0.004
3.646	0.004
3.648	0
3.65	0
3.652	0.002
3.654	0
3.656	0.004
3.658	0
3.66	0
3.662	0.004
3.664	0
3.666	0.002
3.668	0.002
3.67	0.004
3.672	0.004
3.674	-0.004
3.676	0
3.678	0.002
3.68	0.006
3.682	0.004
3.684	0
3.686	0
3.688	0.002
3.69	0.004
3.692	0.004
3.694	0
3.696	0
3.698	0.002
3.7	0.002
3.702	0.002
3.704	0
3.706	0
3.708	0.002
3.71	-0.002
3.712	0.004
3.714	0.004
3.716	0.004
3.718	0.006
3.72	-0.002
3.722	0.004
3.724	0
3.726	0.006
3.728	0.002
3.73	-0.002
3.732	0
3.734	0.002
3.736	0.004
3.738	0.002
3.74	0
3.742	0
3.744	0.002
3.746	0.002
3.748	0.002
3.75	0.002
3.752	0
3.754	0.002
3.756	-0.002
3.758	0.004
3.76	0.002
3.762	0.004
3.764	0.004
3.766	-0.002
3.768	0
3.77	0.002
3.772	0.004
3.774	0.004
3.776	0
3.778	0
3.78	0.002
3.782	0.004
3.784	0.002
3.786	0
3.788	0.002
3.79	0.002
3.792	0
3.794	0.002
3.796	0
3.798	0.002
3.8	0.004
3.802	-0.002
3.804	0.002
3.806	0.004
3.808	0.004
3.81	0.004
3.812	-0.002
3.814	0.002
3.816	0.002
3.818	0.006
3.82	0.004
3.822	0
3.824	0.002
3.826	0
3.828	0.006
3.83	0.002
3.832	0
3.834	0
3.836	0.002
3.838	0.002
3.84	0.002
3.842	0.002
3.844	0.002
3.846	0.004
3.848	-0.002
3.85	0.002
3.852	0
3.854	0.004
3.856	0.004
3.858	-0.002
3.86	0.002
3.862	0.002
3.864	0.004
3.866	0.002
3.868	-0.002
3.87	0.004
3.872	0.002
3.874	0.004
3.876	0.004
3.878	0
3.88	0
3.882	0.002
3.884	0
3.886	0
3.888	0.002
3.89	0.002
3.892	0.004
3.894	0
3.896	0.002
3.898	0.002
3.9	0.004
3.902	0.004
3.904	-0.002
3.906	0.004
3.908	0
3.91	0.004
3.912	0.004
3.914	0
3.916	0
3.918	0.002
3.92	0.004
3.922	0.002
3.924	0
3.926	0
3.928	0.004
3.93	0
3.932	0.004
3.934	0.002
3.936	0.002
3.938	0.004
3.94	-0.002
3.942	0.002
3.944	0.002
3.946	0.004
3.948	0.002
3.95	-0.002
3.952	0.002
3.954	0
3.956	0.004
3.958	0.004
3.96	0
3.962	0
3.964	0
3.966	0.004
3.968	0.002
3.97	0
3.972	0
3.974	0.002
3.976	0
3.978	0.002
3.98	0.004
3.982	0.002
3.984	0.004
3.986	0
3.988	0.006
3.99	0.002
3.992	0.004
3.994	0.006
3.996	-0.004
3.998	0.002
4	0
4.002	0.004
4.004	0.002
4.006	0
4.008	0
4.01	0
4.012	0.002
4.014	0.002
4.016	0
4.018	0.002
4.02	0.002
4.022	0
4.024	0.002
4.026	0.002
4.028	0.002
4.03	0.004
4.032	-0.004
4.034	0.004
4.036	0.002
4.038	0.006
4.04	0.004
4.042	0
4.044	0.004
4.046	0.002
4.048	0.006
4.05	0.002
4.052	0
4.054	0
4.056	0
4.058	0.004
4.06	0.002
4.062	0
4.064	0
4.066	0.002
4.068	0
4.07	0.004
4.072	0.002
4.074	0.002
4.076	0.002
4.078	0
4.08	0.002
4.082	0.002
4.084	0.006
4.086	0.004
4.088	-0.002
4.09	0.002
4.092	0
4.094	0.006
4.096	0.002
4.098	0.002
4.1	0.002
4.102	0
4.104	0.004
4.106	0.002
4.108	0
4.11	0.002
4.112	0.002
4.114	-0.002
4.116	0.004
4.118	0.002
4.12	0.002
4.122	0.002
4.124	-0.002
4.126	0.004
4.128	0.002
4.13	0.004
4.132	0.004
4.134	-0.002
4.136	0
4.138	0
4.14	0.004
4.142	0.002
4.144	0
4.146	0
4.148	0.002
4.15	0.002
4.152	0.002
4.154	0
4.156	0
4.158	0.002
4.16	0
4.162	0.002
4.164	0.004
4.166	0.004
4.168	0.004
4.17	-0.002
4.172	0.004
4.174	0.002
4.176	0.006
4.178	0.006
4.18	0
4.182	0.004
4.184	0
4.186	0.004
4.188	0.002
4.19	0
4.192	0.002
4.194	0
4.196	0.002
4.198	0.002
4.2	0
4.202	0.002
4.204	0.002
4.206	0
4.208	0.006
4.21	0.002
4.212	0.002
4.214	0.004
4.216	-0.002
4.218	0.002
4.22	0.002
4.222	0.004
4.224	0.004
4.226	-0.002
4.228	0
4.23	0.002
4.232	0.004
4.234	0.002
4.236	0
4.238	0.002
4.24	0
4.242	0.002
4.244	0.002
4.246	0
4.248	-0.002
4.25	0.002
4.252	-0.002
4.254	0.002
4.256	0
4.258	0.004
4.26	0.004
4.262	0
4.264	0.004
4.266	0.002
4.268	0.006
4.27	0.002
4.272	-0.002
4.274	0.004
4.276	0.002
4.278	0.004
4.28	0
4.282	0
4.284	0.002
4.286	0
4.288	0.002
4.29	0.002
4.292	0.002
4.294	0.004
4.296	0.004
4.298	0
4.3	0.004
4.302	0.002
4.304	0.004
4.306	0.004
4.308	-0.002
4.31	0.004
4.312	0
4.314	0.004
4.316	0.006
4.318	-0.002
4.32	0.004
4.322	0.002
4.324	0.002
4.326	0.002
4.328	0
4.33	0
4.332	0.002
4.334	0.002
4.336	0.002
4.338	0.002
4.34	0.002
4.342	0.002
4.344	0
4.346	0.002
4.348	0.002
4.35	0.004
4.352	0.004
4.354	-0.002
4.356	0.002
4.358	0.002
4.36	0.004
4.362	0.002
4.364	-0.002
4.366	0
4.368	0
4.37	0.004
4.372	0.002
4.374	0
4.376	0.002
4.378	0
4.38	0.002
4.382	0.002
4.384	0
4.386	0
4.388	0.002
4.39	-0.002
4.392	0.002
4.394	0.002
4.396	0.002
4.398	0.004
4.4	0
4.402	0.004
4.404	0.002
4.406	0.004
4.408	0.004
4.41	0
4.412	0.002
4.414	0
4.416	0.004
4.418	0.004
4.42	0.002
4.422	0
4.424	0.002
4.426	0
4.428	0.002
4.43	0
4.432	0.002
4.434	0.002
4.436	0
4.438	0.004
4.44	0.002
4.442	0.004
4.444	0.002
4.446	-0.002
4.448	0.002
4.45	0
4.452	0.004
4.454	0.002
4.456	0
4.458	0
4.46	0.002
4.462	0.002
4.464	0.002
4.466	0
4.468	0.002
4.47	0.002
4.472	0
4.474	0.002
4.476	0
4.478	0.002
4.48	0.002
4.482	0
4.484	0.002
4.486	0.002
4.488	0.004
4.49	0.004
4.492	0
4.494	0.004
4.496	0
4.498	0.004
4.5	0.002
4.502	0
4.504	0.002
4.506	0.002
4.508	0.002
4.51	0.002
4.512	0
4.514	0.002
4.516	0.002
4.518	0
4.52	0.002
4.522	0.002
4.524	0.004
4.526	0.002
4.528	-0.002
4.53	0.002
4.532	0
4.534	0.004
4.536	0.006
4.538	-0.002
4.54	0.004
4.542	0
4.544	0.002
4.546	0.002
4.548	0
4.55	0.002
4.552	0
4.554	0.002
4.556	0.002
4.558	0
4.56	0.002
4.562	0
4.564	0
4.566	0.002
4.568	0.002
4.57	0.004
4.572	0.002
4.574	0
4.576	0.002
4.578	0
4.58	0.004
4.582	0.004
4.584	-0.002
4.586	0.002
4.588	0
4.59	0.004
4.592	0.004
4.594	0
4.596	0.002
4.598	0.002
4.6	0.002
4.602	0.002
4.604	0
4.606	0.002
4.608	0
4.61	0
4.612	0.002
4.614	0.002
4.616	0.004
4.618	0.004
4.62	0
4.622	0.004
4.624	0
4.626	0.004
4.628	0.004
4.63	-0.002
4.632	0.002
4.634	0
4.636	0.002
4.638	0.002
4.64	0
4.642	0.002
4.644	0
4.646	0
4.648	0.002
4.65	0
4.652	0
4.654	0.002
4.656	0
4.658	0.002
4.66	0.002
4.662	0.004
4.664	0.002
4.666	-0.002
4.668	0.004
4.67	0.002
4.672	0.004
4.674	0.004
4.676	-0.002
4.678	0.002
4.68	0.004
4.682	0.002
4.684	0.004
4.686	0
4.688	0.004
4.69	0.002
4.692	0.002
4.694	0.002
4.696	0
4.698	0.002
4.7	0
4.702	0
4.704	0.002
4.706	0.002
4.708	0.002
4.71	0.004
4.712	0
4.714	0.004
4.716	0.002
4.718	0.004
4.72	0.002
4.722	0
4.724	0.004
4.726	0.002
4.728	0.002
4.73	0.002
4.732	0
4.734	0.002
4.736	0.002
4.738	0
4.74	0.002
4.742	0
4.744	0.002
4.746	0.002
4.748	0
4.75	0.002
4.752	0
4.754	0.004
4.756	0.002
4.758	-0.002
4.76	0.002
4.762	0.002
4.764	0.006
4.766	0.002
4.768	-0.002
4.77	0.002
4.772	0.002
4.774	0.004
4.776	0.002
4.778	0.004
4.78	0.002
4.782	0.002
4.784	0.002
4.786	0.004
4.788	0
4.79	0.002
4.792	0.002
4.794	0
4.796	0.002
4.798	0.002
4.8	0.002
4.802	0.002
4.804	-0.002
4.806	0.004
4.808	0.002
4.81	0.006
4.812	0.002
4.814	0
4.816	0.002
4.818	0.002