-0.005	1.8
-0.00498	1.8
-0.00496	1.6
-0.00494	1.6
-0.00492	1.8
-0.0049	1.6
-0.00488	1.6
-0.00486	1.6
-0.00484	1.8
-0.00482	1.6
-0.0048	1.8
-0.00478	1.6
-0.00476	1.6
-0.00474	1.6
-0.00472	1.6
-0.0047	1.6
-0.00468	1.6
-0.00466	1.6
-0.00464	1.6
-0.00462	1.4
-0.0046	1.4
-0.00458	1.4
-0.00456	1.6
-0.00454	1.4
-0.00452	1.6
-0.0045	1.4
-0.00448	1.4
-0.00446	1.4
-0.00444	1.4
-0.00442	1.4
-0.0044	1.4
-0.00438	1.4
-0.00436	1.4
-0.00434	1.2
-0.00432	1.2
-0.0043	1.2
-0.00428	1
-0.00426	1.2
-0.00424	1
-0.00422	1
-0.0042	1
-0.00418	1
-0.00416	1
-0.00414	1
-0.00412	1
-0.0041	1
-0.00408	0.8
-0.00406	0.8
-0.00404	0.8
-0.00402	0.8
-0.004	0.6
-0.00398	0.8
-0.00396	0.6
-0.00394	0.8
-0.00392	0.6
-0.0039	0.6
-0.00388	0.6
-0.00386	0.6
-0.00384	0.6
-0.00382	0.6
-0.0038	0.6
-0.00378	0.4
-0.00376	0.4
-0.00374	0.4
-0.00372	0.4
-0.0037	0.4
-0.00368	0.4
-0.00366	0.4
-0.00364	0.4
-0.00362	0.2
-0.0036	0.4
-0.00358	0.2
-0.00356	0.4
-0.00354	0.2
-0.00352	0.2
-0.0035	0.2
-0.00348	0.2
-0.00346	0.2
-0.00344	0.2
-0.00342	0.2
-0.0034	0.2
-0.00338	0.2
-0.00336	0.2
-0.00334	0.2
-0.00332	0
-0.0033	0.2
-0.00328	0
-0.00326	0
-0.00324	0.2
-0.00322	0
-0.0032	0
-0.00318	0
-0.00316	0
-0.00314	0
-0.00312	0.2
-0.0031	0
-0.00308	0
-0.00306	0
-0.00304	0
-0.00302	0
-0.003	0.2
-0.00298	0
-0.00296	0
-0.00294	0.2
-0.00292	0
-0.0029	0.2
-0.00288	0.2
-0.00286	0
-0.00284	0.2
-0.00282	0.2
-0.0028	0.2
-0.00278	0.2
-0.00276	0.2
-0.00274	0.2
-0.00272	0.2
-0.0027	0.2
-0.00268	0.2
-0.00266	0.2
-0.00264	0.2
-0.00262	0.4
-0.0026	0.4
-0.00258	0.4
-0.00256	0.4
-0.00254	0.4
-0.00252	0.4
-0.0025	0.4
-0.00248	0.4
-0.00246	0.4
-0.00244	0.4
-0.00242	0.4
-0.0024	0.4
-0.00238	0.4
-0.00236	0.4
-0.00234	0.4
-0.00232	0.4
-0.0023	0.4
-0.00228	0.4
-0.00226	0.4
-0.00224	0.4
-0.00222	0.4
-0.0022	0.4
-0.00218	0.4
-0.00216	0.4
-0.00214	0.4
-0.00212	0.4
-0.0021	0.4
-0.00208	0.4
-0.00206	0.4
-0.00204	0.4
-0.00202	0.4
-0.002	0.4
-0.00198	0.4
-0.00196	0.4
-0.00194	0.4
-0.00192	0.4
-0.0019	0.4
-0.00188	0.4
-0.00186	0.4
-0.00184	0.4
-0.00182	0.4
-0.0018	0.4
-0.00178	0.4
-0.00176	0.4
-0.00174	0.2
-0.00172	0.4
-0.0017	0.2
-0.00168	0.4
-0.00166	0.2
-0.00164	0.2
-0.00162	0.2
-0.0016	0.2
-0.00158	0.2
-0.00156	0.2
-0.00154	0.2
-0.00152	0.2
-0.0015	0.2
-0.00148	0.2
-0.00146	0
-0.00144	0.2
-0.00142	0
-0.0014	0
-0.00138	0
-0.00136	0
-0.00134	0
-0.00132	0
-0.0013	0
-0.00128	0
-0.00126	-0.2
-0.00124	-0.2
-0.00122	-0.2
-0.0012	-0.2
-0.00118	-0.2
-0.00116	-0.2
-0.00114	-0.2
-0.00112	-0.2
-0.0011	-0.2
-0.00108	-0.2
-0.00106	-0.4
-0.00104	-0.4
-0.00102	-0.8
-0.001	-8.2
-0.00098	-8.2
-0.00096	-8
-0.00094	-7.8
-0.00092	-7.6
-0.0009	-7.2
-0.00088	-7
-0.00086	-7
-0.00084	-6.6
-0.00082	-6.6
-0.0008	-6.4
-0.00078	-6.2
-0.00076	-6.2
-0.00074	-6
-0.00072	-6
-0.0007	-5.8
-0.00068	-5.6
-0.00066	-5.4
-0.00064	-5.2
-0.00062	-5.2
-0.0006	-5
-0.00058	-5
-0.00056	-4.8
-0.00054	-4.8
-0.00052	-4.6
-0.0005	-4.6
-0.00048	-4.4
-0.00046	-4.4
-0.00044	-4.2
-0.00042	-4.2
-0.0004	-4.2
-0.00038	-4
-0.00036	-4
-0.00034	-3.8
-0.00032	-3.8
-0.0003	-3.6
-0.00028	-3.4
-0.00026	-3.4
-0.00024	-3.2
-0.00022	-2.8
-0.0002	-2.6
-0.00018	-2.4
-0.00016	-1.8
-0.00014	-0.8
-0.00012	0.2
-0.0001	0.6
-0.00008	1
-0.00006	1.6
-0.00004	2
-0.00002	2.4
0	2.8
0.00002	3.2
0.00004	3.2
0.00006	3.2
0.00008	3.4
0.0001	3.4
0.00012	3.2
0.00014	3.2
0.00016	3.2
0.00018	3.2
0.0002	3.2
0.00022	3.2
0.00024	3
0.00026	3.2
0.00028	3
0.0003	3
0.00032	3.2
0.00034	3
0.00036	3
0.00038	3.2
0.0004	3
0.00042	3
0.00044	3
0.00046	3
0.00048	3
0.0005	3
0.00052	3
0.00054	3
0.00056	3
0.00058	3
0.0006	3
0.00062	3
0.00064	3
0.00066	3
0.00068	2.8
0.0007	2.8
0.00072	2.8
0.00074	2.8
0.00076	2.8
0.00078	2.6
0.0008	2.6
0.00082	2.6
0.00084	2.6
0.00086	2.6
0.00088	2.4
0.0009	2.4
0.00092	2.4
0.00094	2.4
0.00096	2.2
0.00098	2.2
0.001	2.2
0.00102	2.2
0.00104	2.2
0.00106	2.2
0.00108	2
0.0011	2
0.00112	2
0.00114	1.8
0.00116	1.8
0.00118	1.8
0.0012	1.8
0.00122	1.6
0.00124	1.6
0.00126	1.6
0.00128	1.4
0.0013	1.4
0.00132	1.4
0.00134	1.4
0.00136	1.2
0.00138	1.2
0.0014	1.2
0.00142	1.2
0.00144	1
0.00146	1
0.00148	0.8
0.0015	0.8
0.00152	0.8
0.00154	0.8
0.00156	0.6
0.00158	0.6
0.0016	0.6
0.00162	0.6
0.00164	0.4
0.00166	0.4
0.00168	0.4
0.0017	0.4
0.00172	0.4
0.00174	0.4
0.00176	0.2
0.00178	0.2
0.0018	0.2
0.00182	0.2
0.00184	0.2
0.00186	0.2
0.00188	0
0.0019	0
0.00192	0
0.00194	0
0.00196	-0.2
0.00198	-0.2
0.002	-0.2
0.00202	0
0.00204	0
0.00206	-0.2
0.00208	-0.2
0.0021	-0.2
0.00212	-0.2
0.00214	-0.2
0.00216	-0.2
0.00218	-0.2
0.0022	-0.2
0.00222	-0.2
0.00224	-0.2
0.00226	-0.2
0.00228	-0.2
0.0023	-0.2
0.00232	-0.2
0.00234	-0.2
0.00236	-0.2
0.00238	-0.2
0.0024	0
0.00242	-0.2
0.00244	-0.2
0.00246	-0.2
0.00248	0
0.0025	0
0.00252	0
0.00254	0
0.00256	0
0.00258	0
0.0026	0
0.00262	0
0.00264	0.2
0.00266	0
0.00268	0.2
0.0027	0.2
0.00272	0.2
0.00274	0.2
0.00276	0.2
0.00278	0.2
0.0028	0.4
0.00282	0.2
0.00284	0.4
0.00286	0.4
0.00288	0.4
0.0029	0.4
0.00292	0.4
0.00294	0.4
0.00296	0.4
0.00298	0.6
0.003	0.6
0.00302	0.6
0.00304	0.6
0.00306	0.6
0.00308	0.6
0.0031	0.6
0.00312	0.6
0.00314	0.6
0.00316	0.8
0.00318	0.8
0.0032	0.8
0.00322	0.8
0.00324	0.8
0.00326	0.8
0.00328	1
0.0033	1
0.00332	1
0.00334	1
0.00336	1
0.00338	1
0.0034	1
0.00342	1
0.00344	1
0.00346	1
0.00348	1
0.0035	1
0.00352	1
0.00354	1
0.00356	1.2
0.00358	1.2
0.0036	1.2
0.00362	1
0.00364	1
0.00366	1.2
0.00368	1.2
0.0037	1.2
0.00372	1
0.00374	1
0.00376	1.2
0.00378	1
0.0038	1.2
0.00382	1
0.00384	1
0.00386	1
0.00388	1
0.0039	1
0.00392	1
0.00394	1
0.00396	1
0.00398	1
0.004	0.8
0.00402	0.8
0.00404	0.8
0.00406	0.8
0.00408	0.8
0.0041	0.8
0.00412	0.8
0.00414	0.8
0.00416	0.8
0.00418	0.6
0.0042	0.6
0.00422	0.6
0.00424	0.6
0.00426	0.6
0.00428	0.4
0.0043	0.4
0.00432	0.4
0.00434	0.4
0.00436	0.4
0.00438	0.4
0.0044	0.2
0.00442	0.2
0.00444	0.2
0.00446	0.2
0.00448	0.2
0.0045	0
0.00452	0
0.00454	0
0.00456	0
0.00458	0
0.0046	-0.2
0.00462	-0.2
0.00464	-0.2
0.00466	-0.2
0.00468	-0.2
0.0047	-0.4
0.00472	-0.4
0.00474	-0.4
0.00476	-0.6
0.00478	-0.8
0.0048	-7.8
0.00482	-8
0.00484	-7.8
0.00486	-7.6
0.00488	-7.4
0.0049	-7.2
0.00492	-7
0.00494	-6.8
0.00496	-6.8
0.00498	-6.6
0.005	-6.4
0.00502	-6.2
0.00504	-6
0.00506	-6
0.00508	-6
0.0051	-5.8
0.00512	-5.6
0.00514	-5.4
0.00516	-5.4
0.00518	-5.2
0.0052	-5
0.00522	-5
0.00524	-4.8
0.00526	-4.6
0.00528	-4.6
0.0053	-4.6
0.00532	-4.4
0.00534	-4.4
0.00536	-4.2
0.00538	-4
0.0054	-3.8
0.00542	-3.4
0.00544	-3.4
0.00546	-2.8
0.00548	-1.6
0.0055	-1
0.00552	-0.2
0.00554	0.4
0.00556	0.8
0.00558	1
0.0056	1.6
0.00562	1.8
0.00564	2
0.00566	2
0.00568	2.2
0.0057	2.2
0.00572	2.2
0.00574	2.2
0.00576	2.4
0.00578	2.2
0.0058	2.2
0.00582	2.2
0.00584	2.2
0.00586	2.2
0.00588	2.2
0.0059	2.2
0.00592	2.4
0.00594	2.4
0.00596	2.4
0.00598	2.4
0.006	2.4
0.00602	2.4
0.00604	2.4
0.00606	2.4
0.00608	2.4
0.0061	2.6
0.00612	2.6
0.00614	2.6
0.00616	2.6
0.00618	2.6
0.0062	2.6
0.00622	2.6
0.00624	2.6
0.00626	2.6
0.00628	2.6
0.0063	2.6
0.00632	2.8
0.00634	2.6
0.00636	2.6
0.00638	2.6
0.0064	2.6
0.00642	2.6
0.00644	2.6
0.00646	2.8
0.00648	2.6
0.0065	2.6
0.00652	2.6
0.00654	2.6
0.00656	2.6
0.00658	2.4
0.0066	2.6
0.00662	2.4
0.00664	2.4
0.00666	2.4
0.00668	2.4
0.0067	2.4
0.00672	2.4
0.00674	2.4
0.00676	2.2
0.00678	2.2
0.0068	2.2
0.00682	2.2
0.00684	2.2
0.00686	2.2
0.00688	2
0.0069	2
0.00692	2
0.00694	1.8
0.00696	1.8
0.00698	1.8
0.007	1.8
0.00702	1.8
0.00704	1.6
0.00706	1.4
0.00708	1.6
0.0071	1.4
0.00712	1.4
0.00714	1.2
0.00716	1.2
0.00718	1.4
0.0072	1.2
0.00722	1
0.00724	1
0.00726	1
0.00728	1
0.0073	0.8
0.00732	0.8
0.00734	0.8
0.00736	0.8
0.00738	0.8
0.0074	0.6
0.00742	0.6
0.00744	0.6
0.00746	0.6
0.00748	0.4
0.0075	0.4
0.00752	0.4
0.00754	0.4
0.00756	0.4
0.00758	0.2
0.0076	0.2
0.00762	0.2
0.00764	0.2
0.00766	0
0.00768	0
0.0077	0
0.00772	0
0.00774	0
0.00776	-0.2
0.00778	-0.2
0.0078	-0.2
0.00782	-0.2
0.00784	-0.2
0.00786	-0.2
0.00788	-0.2
0.0079	-0.2
0.00792	-0.2
0.00794	-0.2
0.00796	-0.4
0.00798	-0.2
0.008	-0.4
0.00802	-0.4
0.00804	-0.2
0.00806	-0.4
0.00808	-0.4
0.0081	-0.4
0.00812	-0.4
0.00814	-0.4
0.00816	-0.4
0.00818	-0.4
0.0082	-0.4
0.00822	-0.4
0.00824	-0.4
0.00826	-0.4
0.00828	-0.2
0.0083	-0.4
0.00832	-0.4
0.00834	-0.4
0.00836	-0.2
0.00838	-0.2
0.0084	-0.2
0.00842	-0.2
0.00844	-0.2
0.00846	-0.2
0.00848	-0.2
0.0085	-0.2
0.00852	-0.2
0.00854	-0.2
0.00856	0
0.00858	0
0.0086	0
0.00862	0
0.00864	0
0.00866	0
0.00868	0
0.0087	0.2
0.00872	0.2
0.00874	0.2
0.00876	0.2
0.00878	0.2
0.0088	0.4
0.00882	0.2
0.00884	0.4
0.00886	0.4
0.00888	0.4
0.0089	0.4
0.00892	0.4
0.00894	0.4
0.00896	0.4
0.00898	0.4
0.009	0.4
0.00902	0.6
0.00904	0.6
0.00906	0.6
0.00908	0.6
0.0091	0.6
0.00912	0.6
0.00914	0.6
0.00916	0.6
0.00918	0.6
0.0092	0.6
0.00922	0.6
0.00924	0.6
0.00926	0.6
0.00928	0.6
0.0093	0.6
0.00932	0.6
0.00934	0.8
0.00936	0.6
0.00938	0.8
0.0094	0.8
0.00942	0.8
0.00944	0.6
0.00946	0.6
0.00948	0.6
0.0095	0.6
0.00952	0.6
0.00954	0.6
0.00956	0.6
0.00958	0.6
0.0096	0.6
0.00962	0.6
0.00964	0.6
0.00966	0.6
0.00968	0.6
0.0097	0.4
0.00972	0.4
0.00974	0.4
0.00976	0.6
0.00978	0.4
0.0098	0.4
0.00982	0.4
0.00984	0.4
0.00986	0.2
0.00988	0.4
0.0099	0.4
0.00992	0.2
0.00994	0.2
0.00996	0.2
0.00998	0.2
0.01	0
0.01002	0
0.01004	0
0.01006	0
0.01008	-0.8
0.0101	-8.2
0.01012	-8.4
0.01014	-8
0.01016	-7.8
0.01018	-7.6
0.0102	-7.4
0.01022	-7.4
0.01024	-7
0.01026	-6.8
0.01028	-6.8
0.0103	-6.6
0.01032	-6.2
0.01034	-6.2
0.01036	-6.2
0.01038	-6
0.0104	-6
0.01042	-5.8
0.01044	-5.8
0.01046	-5.6
0.01048	-5.4
0.0105	-5.2
0.01052	-5.2
0.01054	-5
0.01056	-4.8
0.01058	-4.6
0.0106	-4.6
0.01062	-4.4
0.01064	-4.4
0.01066	-4.2
0.01068	-4
0.0107	-3.6
0.01072	-3.4
0.01074	-3.2
0.01076	-2.2
0.01078	-1.4
0.0108	-0.6
0.01082	0
0.01084	0.4
0.01086	0.8
0.01088	1.2
0.0109	1.6
0.01092	1.8
0.01094	2
0.01096	2.2
0.01098	2.2
0.011	2.2
0.01102	2.2
0.01104	2.2
0.01106	2.2
0.01108	2.2
0.0111	2.2
0.01112	2.2
0.01114	2.2
0.01116	2
0.01118	2
0.0112	2
0.01122	2
0.01124	2
0.01126	2
0.01128	2.2
0.0113	2
0.01132	2.2
0.01134	2.2
0.01136	2.2
0.01138	2
0.0114	2.2
0.01142	2.2
0.01144	2.2
0.01146	2.2
0.01148	2.2
0.0115	2.2
0.01152	2.2
0.01154	2.2
0.01156	2.2
0.01158	2.2
0.0116	2.2
0.01162	2.2
0.01164	2.2
0.01166	2
0.01168	2.2
0.0117	2.2
0.01172	2.2
0.01174	2.2
0.01176	2
0.01178	2
0.0118	2
0.01182	2
0.01184	2
0.01186	2
0.01188	2
0.0119	2
0.01192	2
0.01194	1.8
0.01196	1.8
0.01198	1.8
0.012	1.8
0.01202	1.8
0.01204	1.8
0.01206	1.6
0.01208	1.6
0.0121	1.6
0.01212	1.6
0.01214	1.6
0.01216	1.6
0.01218	1.6
0.0122	1.6
0.01222	1.6
0.01224	1.4
0.01226	1.4
0.01228	1.4
0.0123	1.4
0.01232	1.2
0.01234	1.2
0.01236	1.2
0.01238	1
0.0124	1
0.01242	1
0.01244	1
0.01246	1
0.01248	1
0.0125	1
0.01252	0.8
0.01254	0.8
0.01256	0.8
0.01258	0.6
0.0126	0.6
0.01262	0.6
0.01264	0.6
0.01266	0.6
0.01268	0.6
0.0127	0.4
0.01272	0.6
0.01274	0.6
0.01276	0.4
0.01278	0.4
0.0128	0.4
0.01282	0.4
0.01284	0.4
0.01286	0.2
0.01288	0.2
0.0129	0.2
0.01292	0.2
0.01294	0.2
0.01296	0.2
0.01298	0.2
0.013	0.2
0.01302	0.2
0.01304	0
0.01306	0
0.01308	0
0.0131	0
0.01312	0
0.01314	0
0.01316	0
0.01318	0
0.0132	0
0.01322	-0.2
0.01324	-0.2
0.01326	0
0.01328	-0.2
0.0133	-0.2
0.01332	-0.2
0.01334	-0.2
0.01336	-0.2
0.01338	-0.2
0.0134	-0.2
0.01342	-0.2
0.01344	-0.2
0.01346	-0.2
0.01348	-0.2
0.0135	-0.2
0.01352	0
0.01354	-0.2
0.01356	-0.2
0.01358	0
0.0136	0
0.01362	0
0.01364	0
0.01366	0
0.01368	0
0.0137	0
0.01372	0
0.01374	0
0.01376	0
0.01378	0.2
0.0138	0.2
0.01382	0.2
0.01384	0.2
0.01386	0.2
0.01388	0.4
0.0139	0.2
0.01392	0.2
0.01394	0.4
0.01396	0.2
0.01398	0.4
0.014	0.4
0.01402	0.4
0.01404	0.4
0.01406	0.4
0.01408	0.4
0.0141	0.6
0.01412	0.6
0.01414	0.6
0.01416	0.6
0.01418	0.6
0.0142	0.6
0.01422	0.6
0.01424	0.8
0.01426	0.6
0.01428	0.6
0.0143	0.6
0.01432	0.8
0.01434	0.6
0.01436	0.6
0.01438	0.6
0.0144	0.6
0.01442	0.6
0.01444	0.6
0.01446	0.6
0.01448	0.8
0.0145	0.6
0.01452	0.6
0.01454	0.6
0.01456	0.6
0.01458	0.6
0.0146	0.6
0.01462	0.6
0.01464	0.6
0.01466	0.6
0.01468	0.4
0.0147	0.6
0.01472	0.6
0.01474	0.6
0.01476	0.6
0.01478	0.6
0.0148	0.4
0.01482	0.6
0.01484	0.6
0.01486	0.4
0.01488	0.4
0.0149	0.4
0.01492	0.4
0.01494	0.4
0.01496	0.4
0.01498	0.4
0.015	0.4
0.01502	0.2
0.01504	0.2
0.01506	0.4
0.01508	0.4
0.0151	0.2
0.01512	0.2
0.01514	0.2
0.01516	0.2
0.01518	0.2
0.0152	0
0.01522	0
0.01524	0
0.01526	0
0.01528	0
0.0153	-0.2
0.01532	-0.2
0.01534	-1
0.01536	-8.2
0.01538	-8.2
0.0154	-8
0.01542	-8
0.01544	-7.6
0.01546	-7.4
0.01548	-7.2
0.0155	-7.2
0.01552	-6.8
0.01554	-6.8
0.01556	-6.6
0.01558	-6.4
0.0156	-6.2
0.01562	-6.2
0.01564	-6.2
0.01566	-6
0.01568	-5.8
0.0157	-5.6
0.01572	-5.4
0.01574	-5.4
0.01576	-5.4
0.01578	-5.2
0.0158	-5
0.01582	-5
0.01584	-4.8
0.01586	-4.6
0.01588	-4.6
0.0159	-4.4
0.01592	-4.2
0.01594	-4
0.01596	-3.6
0.01598	-3.4
0.016	-3
0.01602	-2
0.01604	-1.2
0.01606	-0.4
0.01608	0.2
0.0161	0.6
0.01612	1.2
0.01614	1.4
0.01616	1.8
0.01618	2
0.0162	2.2
0.01622	2.4
0.01624	2.4
0.01626	2.4
0.01628	2.4
0.0163	2.4
0.01632	2.4
0.01634	2.4
0.01636	2.4
0.01638	2.2
0.0164	2.4
0.01642	2.2
0.01644	2.4
0.01646	2.4
0.01648	2.4
0.0165	2.2
0.01652	2.4
0.01654	2.4
0.01656	2.4
0.01658	2.4
0.0166	2.4
0.01662	2.2
0.01664	2.4
0.01666	2.4
0.01668	2.2
0.0167	2.4
0.01672	2.4
0.01674	2.4
0.01676	2.4
0.01678	2.4
0.0168	2.4
0.01682	2.4
0.01684	2.4
0.01686	2.2
0.01688	2.2
0.0169	2.2
0.01692	2.4
0.01694	2.2
0.01696	2.2
0.01698	2.2
0.017	2.2
0.01702	2.2
0.01704	2.2
0.01706	2
0.01708	2.2
0.0171	2.2
0.01712	2.2
0.01714	2
0.01716	2
0.01718	2
0.0172	2
0.01722	2
0.01724	2
0.01726	1.8
0.01728	1.8
0.0173	1.8
0.01732	1.8
0.01734	1.8
0.01736	1.8
0.01738	1.8
0.0174	1.8
0.01742	1.8
0.01744	1.6
0.01746	1.6
0.01748	1.6
0.0175	1.4
0.01752	1.4
0.01754	1.4
0.01756	1.4
0.01758	1.4
0.0176	1.2
0.01762	1.2
0.01764	1.2
0.01766	1.2
0.01768	1.2
0.0177	1
0.01772	1
0.01774	1
0.01776	1
0.01778	1
0.0178	1
0.01782	0.8
0.01784	0.8
0.01786	0.8
0.01788	0.8
0.0179	0.8
0.01792	0.6
0.01794	0.6
0.01796	0.6
0.01798	0.6
0.018	0.8
0.01802	0.6
0.01804	0.6
0.01806	0.4
0.01808	0.4
0.0181	0.4
0.01812	0.4
0.01814	0.4
0.01816	0.4
0.01818	0.4
0.0182	0.4
0.01822	0.4
0.01824	0.4
0.01826	0.2
0.01828	0.2
0.0183	0.2
0.01832	0.2
0.01834	0.2
0.01836	0.2
0.01838	0.2
0.0184	0.2
0.01842	0
0.01844	0.2
0.01846	0
0.01848	0
0.0185	0
0.01852	0
0.01854	0
0.01856	0
0.01858	0
0.0186	0
0.01862	0
0.01864	0
0.01866	0
0.01868	0
0.0187	0
0.01872	0
0.01874	0
0.01876	0
0.01878	0
0.0188	0
0.01882	0
0.01884	0
0.01886	0
0.01888	0
0.0189	0.2
0.01892	0.2
0.01894	0.2
0.01896	0.2
0.01898	0.2
0.019	0.2
0.01902	0.2
0.01904	0.2
0.01906	0.2
0.01908	0.2
0.0191	0.2
0.01912	0.4
0.01914	0.4
0.01916	0.4
0.01918	0.4
0.0192	0.4
0.01922	0.4
0.01924	0.4
0.01926	0.4
0.01928	0.4
0.0193	0.6
0.01932	0.4
0.01934	0.4
0.01936	0.4
0.01938	0.4
0.0194	0.6
0.01942	0.6
0.01944	0.6
0.01946	0.6
0.01948	0.6
0.0195	0.6
0.01952	0.6
0.01954	0.8
0.01956	0.6
0.01958	0.8
0.0196	0.8
0.01962	0.8
0.01964	0.8
0.01966	0.8
0.01968	0.8
0.0197	0.8
0.01972	0.8
0.01974	0.8
0.01976	0.8
0.01978	0.8
0.0198	0.8
0.01982	0.8
0.01984	0.8
0.01986	0.8
0.01988	1
0.0199	1
0.01992	0.8
0.01994	1
0.01996	0.8
0.01998	0.8
0.02	0.8
0.02002	0.8
0.02004	0.8
0.02006	0.8
0.02008	0.8
0.0201	0.8
0.02012	0.8
0.02014	0.8
0.02016	0.8
0.02018	0.8
0.0202	0.8
0.02022	0.8
0.02024	0.8
0.02026	0.6
0.02028	0.6
0.0203	0.8
0.02032	0.6
0.02034	0.6
0.02036	0.6
0.02038	0.6
0.0204	0.6
0.02042	0.4
0.02044	0.4
0.02046	0.4
0.02048	0.4
0.0205	0.4
0.02052	0.4
0.02054	0.4
0.02056	0.4
0.02058	0.4
0.0206	0
0.02062	-7.4
0.02064	-7.8
0.02066	-7.6
0.02068	-7.4
0.0207	-7.2
0.02072	-7
0.02074	-6.8
0.02076	-6.6
0.02078	-6.4
0.0208	-6.2
0.02082	-6.2
0.02084	-6.2
0.02086	-6
0.02088	-5.6
0.0209	-5.6
0.02092	-5.4
0.02094	-5.4
0.02096	-5.2
0.02098	-5.2
0.021	-5
0.02102	-4.8
0.02104	-4.8
0.02106	-4.6
0.02108	-4.6
0.0211	-4.4
0.02112	-4.2
0.02114	-4.2
0.02116	-4
0.02118	-4
0.0212	-3.6
0.02122	-3.4
0.02124	-3
0.02126	-2.8
0.02128	-1.8
0.0213	-1
0.02132	-0.2
0.02134	0.4
0.02136	0.8
0.02138	1.2
0.0214	1.6
0.02142	2
0.02144	2.2
0.02146	2.4
0.02148	2.4
0.0215	2.4
0.02152	2.4
0.02154	2.6
0.02156	2.4
0.02158	2.4
0.0216	2.4
0.02162	2.4
0.02164	2.4
0.02166	2.4
0.02168	2.4
0.0217	2.4
0.02172	2.4
0.02174	2.4
0.02176	2.2
0.02178	2.4
0.0218	2.4
0.02182	2.4
0.02184	2.4
0.02186	2.4
0.02188	2.4
0.0219	2.4
0.02192	2.4
0.02194	2.2
0.02196	2.2
0.02198	2.2
0.022	2.2
0.02202	2.2
0.02204	2.2
0.02206	2.2
0.02208	2.2
0.0221	2.2
0.02212	2.2
0.02214	2.2
0.02216	2.2
0.02218	2.2
0.0222	2
0.02222	2
0.02224	2
0.02226	2
0.02228	2
0.0223	2
0.02232	1.8
0.02234	2
0.02236	1.8
0.02238	1.8
0.0224	1.8
0.02242	1.8
0.02244	1.8
0.02246	1.8
0.02248	1.8
0.0225	1.6
0.02252	1.6
0.02254	1.6
0.02256	1.6
0.02258	1.6
0.0226	1.6
0.02262	1.6
0.02264	1.4
0.02266	1.4
0.02268	1.4
0.0227	1.4
0.02272	1.4
0.02274	1.4
0.02276	1.4
0.02278	1.4
0.0228	1.2
0.02282	1.2
0.02284	1.2
0.02286	1.2
0.02288	1.2
0.0229	1.2
0.02292	1
0.02294	1
0.02296	1
0.02298	1
0.023	1
0.02302	1
0.02304	1
0.02306	1
0.02308	0.8
0.0231	0.8
0.02312	0.8
0.02314	0.8
0.02316	0.8
0.02318	0.8
0.0232	0.8
0.02322	0.6
0.02324	0.6
0.02326	0.6
0.02328	0.8
0.0233	0.6
0.02332	0.6
0.02334	0.6
0.02336	0.6
0.02338	0.6
0.0234	0.6
0.02342	0.4
0.02344	0.4
0.02346	0.4
0.02348	0.4
0.0235	0.4
0.02352	0.4
0.02354	0.4
0.02356	0.4
0.02358	0.2
0.0236	0.4
0.02362	0.2
0.02364	0.4
0.02366	0.2
0.02368	0.2
0.0237	0.2
0.02372	0.2
0.02374	0.2
0.02376	0.2
0.02378	0.4
0.0238	0.2
0.02382	0.2
0.02384	0.2
0.02386	0.2
0.02388	0.2
0.0239	0.2
0.02392	0
0.02394	0.2
0.02396	0.2
0.02398	0.2
0.024	0.2
0.02402	0.2
0.02404	0.2
0.02406	0.2
0.02408	0.2
0.0241	0.2
0.02412	0.4
0.02414	0.2
0.02416	0.2
0.02418	0.2
0.0242	0.2
0.02422	0.2
0.02424	0.2
0.02426	0.2
0.02428	0.2
0.0243	0.2
0.02432	0.2
0.02434	0.2
0.02436	0.2
0.02438	0.2
0.0244	0.2
0.02442	0.4
0.02444	0.4
0.02446	0.4
0.02448	0.4
0.0245	0.4
0.02452	0.4
0.02454	0.4
0.02456	0.4
0.02458	0.6
0.0246	0.4
0.02462	0.4
0.02464	0.4
0.02466	0.4
0.02468	0.6
0.0247	0.6
0.02472	0.6
0.02474	0.6
0.02476	0.6
0.02478	0.6
0.0248	0.6
0.02482	0.6
0.02484	0.6
0.02486	0.6
0.02488	0.6
0.0249	0.6
0.02492	0.6
0.02494	0.8
0.02496	0.6
0.02498	0.6
0.025	0.6
0.02502	0.8
0.02504	0.8
0.02506	0.6
0.02508	0.8
0.0251	0.8
0.02512	0.6
0.02514	0.8
0.02516	0.8
0.02518	0.6
0.0252	0.6
0.02522	0.6
0.02524	0.8
0.02526	0.8
0.02528	0.6
0.0253	0.6
0.02532	0.6
0.02534	0.6
0.02536	0.6
0.02538	0.6
0.0254	0.6
0.02542	0.6
0.02544	0.6
0.02546	0.6
0.02548	0.6
0.0255	0.6
0.02552	0.4
0.02554	0.4
0.02556	0.4
0.02558	0.6
0.0256	0.4
0.02562	0.4
0.02564	0.4
0.02566	0.4
0.02568	0.4
0.0257	0.4
0.02572	0.2
0.02574	0.2
0.02576	0.2
0.02578	0.2
0.0258	0.2
0.02582	0
0.02584	0
0.02586	-0.2
0.02588	-6
0.0259	-8
0.02592	-8
0.02594	-7.8
0.02596	-7.6
0.02598	-7.4
0.026	-7.2
0.02602	-7
0.02604	-6.8
0.02606	-6.8
0.02608	-6.4
0.0261	-6.4
0.02612	-6.2
0.02614	-6.2
0.02616	-6
0.02618	-6
0.0262	-5.6
0.02622	-5.6
0.02624	-5.4
0.02626	-5.4
0.02628	-5.2
0.0263	-5.2
0.02632	-5
0.02634	-5
0.02636	-4.8
0.02638	-4.6
0.0264	-4.6
0.02642	-4.4
0.02644	-4.4
0.02646	-4.2
0.02648	-3.8
0.0265	-3.6
0.02652	-3.2
0.02654	-2.2
0.02656	-1.4
0.02658	-0.6
0.0266	0
0.02662	0.6
0.02664	1
0.02666	1.4
0.02668	1.6
0.0267	1.8
0.02672	2
0.02674	2.2
0.02676	2.2
0.02678	2.2
0.0268	2.2
0.02682	2.2
0.02684	2.2
0.02686	2.2
0.02688	2.2
0.0269	2.2
0.02692	2.2
0.02694	2
0.02696	2.2
0.02698	2.2
0.027	2
0.02702	2
0.02704	2.2
0.02706	2
0.02708	2
0.0271	2.2
0.02712	2
0.02714	2.2
0.02716	2.2
0.02718	2.2
0.0272	2
0.02722	2
0.02724	2.2
0.02726	2.2
0.02728	2.2
0.0273	2.2
0.02732	2
0.02734	2.2
0.02736	2
0.02738	2
0.0274	2.2
0.02742	2
0.02744	2
0.02746	2
0.02748	2
0.0275	2
0.02752	2
0.02754	2
0.02756	2
0.02758	1.8
0.0276	1.8
0.02762	1.8
0.02764	2
0.02766	1.8
0.02768	1.8
0.0277	1.8
0.02772	1.8
0.02774	1.8
0.02776	1.6
0.02778	1.6
0.0278	1.6
0.02782	1.6
0.02784	1.4
0.02786	1.4
0.02788	1.4
0.0279	1.4
0.02792	1.4
0.02794	1.4
0.02796	1.2
0.02798	1.2
0.028	1.2
0.02802	1
0.02804	1
0.02806	1
0.02808	1
0.0281	1
0.02812	1
0.02814	0.8
0.02816	0.8
0.02818	0.8
0.0282	0.8
0.02822	0.8
0.02824	0.8
0.02826	0.6
0.02828	0.8
0.0283	0.6
0.02832	0.6
0.02834	0.6
0.02836	0.6
0.02838	0.4
0.0284	0.4
0.02842	0.4
0.02844	0.4
0.02846	0.4
0.02848	0.4
0.0285	0.4
0.02852	0.2
0.02854	0.2
0.02856	0.2
0.02858	0.2
0.0286	0.2
0.02862	0.2
0.02864	0
0.02866	0
0.02868	0
0.0287	0
0.02872	0
0.02874	0
0.02876	0
0.02878	0
0.0288	-0.2
0.02882	-0.2
0.02884	-0.2
0.02886	-0.2
0.02888	-0.2
0.0289	-0.2
0.02892	-0.2
0.02894	-0.2
0.02896	-0.2
0.02898	-0.2
0.029	-0.2
0.02902	-0.2
0.02904	-0.2
0.02906	-0.2
0.02908	-0.2
0.0291	-0.2
0.02912	-0.2
0.02914	-0.4
0.02916	-0.2
0.02918	-0.2
0.0292	-0.2
0.02922	-0.2
0.02924	-0.2
0.02926	-0.2
0.02928	-0.2
0.0293	-0.2
0.02932	-0.2
0.02934	-0.2
0.02936	-0.2
0.02938	-0.2
0.0294	0
0.02942	-0.2
0.02944	-0.2
0.02946	0
0.02948	0
0.0295	0
0.02952	0
0.02954	0
0.02956	0
0.02958	0
0.0296	0
0.02962	0
0.02964	0
0.02966	0.2
0.02968	0.2
0.0297	0.2
0.02972	0.2
0.02974	0.2
0.02976	0.4
0.02978	0.4
0.0298	0.4
0.02982	0.4
0.02984	0.4
0.02986	0.4
0.02988	0.4
0.0299	0.4
0.02992	0.4
0.02994	0.4
0.02996	0.6
0.02998	0.6
0.03	0.6
0.03002	0.6
0.03004	0.6
0.03006	0.6
0.03008	0.6
0.0301	0.6
0.03012	0.8
0.03014	0.8
0.03016	0.8
0.03018	0.8
0.0302	0.8
0.03022	0.8
0.03024	0.8
0.03026	0.8
0.03028	0.8
0.0303	0.8
0.03032	0.8
0.03034	0.8
0.03036	1
0.03038	0.8
0.0304	1
0.03042	1
0.03044	1
0.03046	1
0.03048	1
0.0305	1
0.03052	0.8
0.03054	1
0.03056	1
0.03058	1
0.0306	1
0.03062	1
0.03064	1
0.03066	0.8
0.03068	1
0.0307	1
0.03072	0.8
0.03074	0.8
0.03076	0.8
0.03078	0.8
0.0308	0.8
0.03082	0.8
0.03084	0.8
0.03086	0.8
0.03088	0.8
0.0309	0.6
0.03092	0.6
0.03094	0.6
0.03096	0.6
0.03098	0.6
0.031	0.4
0.03102	0.4
0.03104	0.4
0.03106	0.4
0.03108	0.4
0.0311	0.2
0.03112	0.2
0.03114	-4.4
0.03116	-8
0.03118	-7.8
0.0312	-7.6
0.03122	-7.4
0.03124	-7.2
0.03126	-7
0.03128	-6.8
0.0313	-6.8
0.03132	-6.6
0.03134	-6.4
0.03136	-6.4
0.03138	-6.2
0.0314	-6
0.03142	-5.8
0.03144	-5.8
0.03146	-5.6
0.03148	-5.6
0.0315	-5.4
0.03152	-5.4
0.03154	-5.2
0.03156	-5
0.03158	-5
0.0316	-4.8
0.03162	-4.8
0.03164	-4.6
0.03166	-4.6
0.03168	-4.4
0.0317	-4.4
0.03172	-4
0.03174	-3.8
0.03176	-3.4
0.03178	-3.2
0.0318	-2.2
0.03182	-1.4
0.03184	-0.6
0.03186	0
0.03188	0.4
0.0319	0.8
0.03192	1.2
0.03194	1.4
0.03196	1.8
0.03198	2
0.032	2
0.03202	2
0.03204	2.2
0.03206	2.2
0.03208	2.2
0.0321	2.2
0.03212	2
0.03214	2
0.03216	2
0.03218	2
0.0322	2
0.03222	2
0.03224	2
0.03226	2
0.03228	1.8
0.0323	2
0.03232	2
0.03234	2
0.03236	1.8
0.03238	1.8
0.0324	2
0.03242	2
0.03244	2
0.03246	2
0.03248	2
0.0325	2.2
0.03252	2
0.03254	2
0.03256	2
0.03258	2
0.0326	2
0.03262	2
0.03264	2
0.03266	2
0.03268	2
0.0327	2
0.03272	2
0.03274	2
0.03276	2
0.03278	2
0.0328	2
0.03282	1.8
0.03284	1.8
0.03286	1.8
0.03288	1.8
0.0329	1.8
0.03292	1.8
0.03294	1.8
0.03296	1.8
0.03298	1.8
0.033	1.8
0.03302	1.8
0.03304	1.8
0.03306	1.8
0.03308	1.6
0.0331	1.6
0.03312	1.6
0.03314	1.6
0.03316	1.6
0.03318	1.4
0.0332	1.4
0.03322	1.4
0.03324	1.4
0.03326	1.2
0.03328	1.4
0.0333	1.2
0.03332	1.2
0.03334	1.2
0.03336	1.2
0.03338	1
0.0334	1
0.03342	1
0.03344	1
0.03346	1
0.03348	0.8
0.0335	0.8
0.03352	0.8
0.03354	0.8
0.03356	0.8
0.03358	0.6
0.0336	0.6
0.03362	0.6
0.03364	0.6
0.03366	0.6
0.03368	0.6
0.0337	0.6
0.03372	0.6
0.03374	0.4
0.03376	0.4
0.03378	0.4
0.0338	0.4
0.03382	0.4
0.03384	0.4
0.03386	0.4
0.03388	0.2
0.0339	0.2
0.03392	0.2
0.03394	0.2
0.03396	0.2
0.03398	0.2
0.034	0.2
0.03402	0
0.03404	0
0.03406	0
0.03408	0
0.0341	0
0.03412	0
0.03414	0
0.03416	0
0.03418	0
0.0342	0
0.03422	0
0.03424	-0.2
0.03426	0
0.03428	0
0.0343	-0.2
0.03432	0
0.03434	-0.2
0.03436	0
0.03438	-0.2
0.0344	-0.2
0.03442	-0.2
0.03444	-0.2
0.03446	0
0.03448	-0.2
0.0345	0
0.03452	0
0.03454	-0.2
0.03456	0
0.03458	0
0.0346	0
0.03462	0
0.03464	0
0.03466	0
0.03468	0
0.0347	0
0.03472	0
0.03474	0.2
0.03476	0
0.03478	0.2
0.0348	0
0.03482	0.2
0.03484	0.2
0.03486	0.2
0.03488	0.2
0.0349	0.2
0.03492	0.4
0.03494	0.2
0.03496	0.4
0.03498	0.4
0.035	0.4
0.03502	0.4
0.03504	0.6
0.03506	0.4
0.03508	0.4
0.0351	0.4
0.03512	0.4
0.03514	0.6
0.03516	0.6
0.03518	0.6
0.0352	0.6
0.03522	0.6
0.03524	0.8
0.03526	0.6
0.03528	0.6
0.0353	0.8
0.03532	0.8
0.03534	0.8
0.03536	0.8
0.03538	0.8
0.0354	1
0.03542	0.8
0.03544	0.8
0.03546	0.8
0.03548	1
0.0355	1
0.03552	1
0.03554	1
0.03556	1
0.03558	1
0.0356	1
0.03562	1
0.03564	1
0.03566	1
0.03568	1
0.0357	1
0.03572	1
0.03574	1
0.03576	1
0.03578	1
0.0358	1
0.03582	1
0.03584	1
0.03586	0.8
0.03588	1
0.0359	0.8
0.03592	0.8
0.03594	1
0.03596	0.8
0.03598	0.8
0.036	0.8
0.03602	0.8
0.03604	0.8
0.03606	0.8
0.03608	0.8
0.0361	0.8
0.03612	0.8
0.03614	0.6
0.03616	0.6
0.03618	0.6
0.0362	0.6
0.03622	0.6
0.03624	0.6
0.03626	0.6
0.03628	0.6
0.0363	0.6
0.03632	0.6
0.03634	0.4
0.03636	0.4
0.03638	0.4
0.0364	-2.6
0.03642	-7.8
0.03644	-7.6
0.03646	-7.4
0.03648	-7.2
0.0365	-7
0.03652	-6.8
0.03654	-6.8
0.03656	-6.4
0.03658	-6.2
0.0366	-6.2
0.03662	-6
0.03664	-6
0.03666	-5.6
0.03668	-5.6
0.0367	-5.4
0.03672	-5.2
0.03674	-5.2
0.03676	-5
0.03678	-4.8
0.0368	-4.8
0.03682	-4.6
0.03684	-4.4
0.03686	-4.4
0.03688	-4.2
0.0369	-4.2
0.03692	-4
0.03694	-4
0.03696	-3.8
0.03698	-3.6
0.037	-3.2
0.03702	-3
0.03704	-2.8
0.03706	-1.8
0.03708	-0.8
0.0371	-0.2
0.03712	0.4
0.03714	0.8
0.03716	1.2
0.03718	1.8
0.0372	2
0.03722	2.2
0.03724	2.4
0.03726	2.4
0.03728	2.6
0.0373	2.4
0.03732	2.6
0.03734	2.4
0.03736	2.4
0.03738	2.4
0.0374	2.4
0.03742	2.4
0.03744	2.4
0.03746	2.4
0.03748	2.4
0.0375	2.4
0.03752	2.4
0.03754	2.4
0.03756	2.4
0.03758	2.4
0.0376	2.4
0.03762	2.4
0.03764	2.4
0.03766	2.4
0.03768	2.4
0.0377	2.4
0.03772	2.4
0.03774	2.2
0.03776	2.4
0.03778	2.2
0.0378	2.4
0.03782	2.4
0.03784	2.4
0.03786	2.2
0.03788	2.4
0.0379	2.2
0.03792	2.2
0.03794	2.2
0.03796	2.2
0.03798	2.2
0.038	2.2
0.03802	2.2
0.03804	2.2
0.03806	2.2
0.03808	2
0.0381	2
0.03812	2
0.03814	2
0.03816	2
0.03818	1.8
0.0382	2
0.03822	1.8
0.03824	1.8
0.03826	1.8
0.03828	1.8
0.0383	1.8
0.03832	1.8
0.03834	1.8
0.03836	1.8
0.03838	1.6
0.0384	1.6
0.03842	1.6
0.03844	1.4
0.03846	1.4
0.03848	1.4
0.0385	1.2
0.03852	1.2
0.03854	1.4
0.03856	1.2
0.03858	1.2
0.0386	1
0.03862	1
0.03864	1
0.03866	1
0.03868	1
0.0387	0.8
0.03872	0.8
0.03874	0.8
0.03876	0.8
0.03878	0.6
0.0388	0.6
0.03882	0.6
0.03884	0.6
0.03886	0.6
0.03888	0.4
0.0389	0.4
0.03892	0.4
0.03894	0.4
0.03896	0.4
0.03898	0.4
0.039	0.2
0.03902	0.2
0.03904	0.2
0.03906	0.2
0.03908	0.2
0.0391	0
0.03912	0
0.03914	0
0.03916	-0.2
0.03918	0
0.0392	0
0.03922	0
0.03924	-0.2
0.03926	-0.2
0.03928	-0.2
0.0393	-0.2
0.03932	-0.2
0.03934	-0.2
0.03936	-0.2
0.03938	-0.2
0.0394	0
0.03942	-0.2
0.03944	0
0.03946	-0.2
0.03948	-0.2
0.0395	-0.2
0.03952	-0.2
0.03954	-0.2
0.03956	-0.2
0.03958	-0.2
0.0396	-0.2
0.03962	0
0.03964	-0.2
0.03966	-0.2
0.03968	-0.2
0.0397	-0.2
0.03972	0
0.03974	0
0.03976	0
0.03978	0
0.0398	0
0.03982	0
0.03984	0
0.03986	0
0.03988	0
0.0399	0
0.03992	0.2
0.03994	0.2
0.03996	0.2
0.03998	0.2
0.04	0.2
0.04002	0.2
0.04004	0.2
0.04006	0.4
0.04008	0.4
0.0401	0.4
0.04012	0.4
0.04014	0.4
0.04016	0.4
0.04018	0.4
0.0402	0.6
0.04022	0.4
0.04024	0.6
0.04026	0.6
0.04028	0.6
0.0403	0.6
0.04032	0.6
0.04034	0.6
0.04036	0.6
0.04038	0.6
0.0404	0.8
0.04042	0.8
0.04044	0.8
0.04046	0.8
0.04048	0.8
0.0405	0.8
0.04052	0.8
0.04054	0.8
0.04056	1
0.04058	1
0.0406	1
0.04062	1
0.04064	1
0.04066	1
0.04068	1
0.0407	1
0.04072	1
0.04074	1
0.04076	1
0.04078	1
0.0408	1
0.04082	1
0.04084	1
0.04086	1
0.04088	1
0.0409	1
0.04092	1
0.04094	1
0.04096	1
0.04098	1
0.041	1
0.04102	1
0.04104	1
0.04106	1
0.04108	0.8
0.0411	1
0.04112	1
0.04114	1
0.04116	0.8
0.04118	1
0.0412	0.8
0.04122	0.8
0.04124	0.8
0.04126	0.6
0.04128	0.8
0.0413	0.8
0.04132	0.8
0.04134	0.8
0.04136	0.6
0.04138	0.6
0.0414	0.6
0.04142	0.6
0.04144	0.6
0.04146	0.6
0.04148	0.4
0.0415	0.4
0.04152	0.4
0.04154	0.4
0.04156	0.4
0.04158	0.4
0.0416	0.2
0.04162	0.2
0.04164	0.2
0.04166	-1.4
0.04168	-8
0.0417	-8
0.04172	-7.6
0.04174	-7.4
0.04176	-7.2
0.04178	-7
0.0418	-7
0.04182	-6.8
0.04184	-6.6
0.04186	-6.4
0.04188	-6.2
0.0419	-6.2
0.04192	-6
0.04194	-5.8
0.04196	-5.8
0.04198	-5.6
0.042	-5.4
0.04202	-5.4
0.04204	-5.2
0.04206	-5
0.04208	-5
0.0421	-4.8
0.04212	-4.8
0.04214	-4.6
0.04216	-4.4
0.04218	-4.4
0.0422	-4.4
0.04222	-4.2
0.04224	-4
0.04226	-3.6
0.04228	-3.4
0.0423	-3
0.04232	-2.4
0.04234	-1.4
0.04236	-0.6
0.04238	0
0.0424	0.6
0.04242	1
0.04244	1.4
0.04246	1.8
0.04248	1.8
0.0425	2.2
0.04252	2.2
0.04254	2.2
0.04256	2.4
0.04258	2.4
0.0426	2.4
0.04262	2.4
0.04264	2.2
0.04266	2.2
0.04268	2.4
0.0427	2.2
0.04272	2.2
0.04274	2.2
0.04276	2.2
0.04278	2.2
0.0428	2.2
0.04282	2.2
0.04284	2.2
0.04286	2.2
0.04288	2.2
0.0429	2
0.04292	2.2
0.04294	2.2
0.04296	2
0.04298	2.2
0.043	2.2
0.04302	2.2
0.04304	2.2
0.04306	2.2
0.04308	2.2
0.0431	2
0.04312	2.2
0.04314	2
0.04316	2
0.04318	2
0.0432	2
0.04322	2
0.04324	2
0.04326	2
0.04328	2
0.0433	2
0.04332	2
0.04334	1.8
0.04336	1.8
0.04338	1.8
0.0434	1.8
0.04342	1.8
0.04344	1.6
0.04346	1.8
0.04348	1.6
0.0435	1.6
0.04352	1.6
0.04354	1.6
0.04356	1.6
0.04358	1.6
0.0436	1.4
0.04362	1.4
0.04364	1.4
0.04366	1.4
0.04368	1.4
0.0437	1.2
0.04372	1.2
0.04374	1.2
0.04376	1.2
0.04378	1.2
0.0438	1
0.04382	1
0.04384	1
0.04386	1
0.04388	1
0.0439	1
0.04392	1
0.04394	0.8
0.04396	0.8
0.04398	0.8
0.044	0.6
0.04402	0.6
0.04404	0.6
0.04406	0.6
0.04408	0.6
0.0441	0.6
0.04412	0.6
0.04414	0.4
0.04416	0.4
0.04418	0.4
0.0442	0.4
0.04422	0.4
0.04424	0.2
0.04426	0.2
0.04428	0.2
0.0443	0.2
0.04432	0.2
0.04434	0
0.04436	0
0.04438	0
0.0444	-0.2
0.04442	0
0.04444	-0.2
0.04446	-0.2
0.04448	-0.2
0.0445	-0.2
0.04452	-0.2
0.04454	-0.2
0.04456	-0.2
0.04458	-0.2
0.0446	-0.2
0.04462	-0.4
0.04464	-0.4
0.04466	-0.4
0.04468	-0.4
0.0447	-0.4
0.04472	-0.4
0.04474	-0.4
0.04476	-0.4
0.04478	-0.4
0.0448	-0.4
0.04482	-0.4
0.04484	-0.4
0.04486	-0.4
0.04488	-0.4
0.0449	-0.4
0.04492	-0.4
0.04494	-0.4
0.04496	-0.4
0.04498	-0.4