-0.0025	1.6
-0.00249	1.6
-0.00248	1.4
-0.00247	1.6
-0.00246	1.6
-0.00245	1.4
-0.00244	1.4
-0.00243	1.4
-0.00242	1.4
-0.00241	1.4
-0.0024	1.4
-0.00239	1.4
-0.00238	1.4
-0.00237	1.4
-0.00236	1.4
-0.00235	1.4
-0.00234	1.4
-0.00233	1.4
-0.00232	1.4
-0.00231	1.4
-0.0023	1.4
-0.00229	1.4
-0.00228	1.4
-0.00227	1.2
-0.00226	1.2
-0.00225	1.4
-0.00224	1.2
-0.00223	1.2
-0.00222	1.2
-0.00221	1.2
-0.0022	1.2
-0.00219	1.2
-0.00218	1.2
-0.00217	1
-0.00216	1.2
-0.00215	1.2
-0.00214	1.2
-0.00213	1
-0.00212	1
-0.00211	1.2
-0.0021	1
-0.00209	1
-0.00208	1
-0.00207	1
-0.00206	1
-0.00205	1
-0.00204	1
-0.00203	1
-0.00202	1
-0.00201	1
-0.002	1
-0.00199	0.8
-0.00198	0.8
-0.00197	0.8
-0.00196	0.8
-0.00195	0.8
-0.00194	0.8
-0.00193	0.8
-0.00192	0.8
-0.00191	0.6
-0.0019	0.8
-0.00189	0.6
-0.00188	0.6
-0.00187	0.6
-0.00186	0.6
-0.00185	0.6
-0.00184	0.6
-0.00183	0.6
-0.00182	0.6
-0.00181	0.6
-0.0018	0.6
-0.00179	0.6
-0.00178	0.6
-0.00177	0.6
-0.00176	0.4
-0.00175	0.4
-0.00174	0.4
-0.00173	0.4
-0.00172	0.2
-0.00171	0.4
-0.0017	0.4
-0.00169	0.2
-0.00168	0.4
-0.00167	0.2
-0.00166	0.2
-0.00165	0.2
-0.00164	0.2
-0.00163	0.2
-0.00162	0.2
-0.00161	0.2
-0.0016	0
-0.00159	0
-0.00158	0
-0.00157	0
-0.00156	0
-0.00155	-0.2
-0.00154	0
-0.00153	-0.2
-0.00152	-0.2
-0.00151	0
-0.0015	-0.2
-0.00149	-0.2
-0.00148	-0.2
-0.00147	-0.2
-0.00146	-0.2
-0.00145	-0.2
-0.00144	-0.4
-0.00143	-0.2
-0.00142	-0.4
-0.00141	-0.4
-0.0014	-0.4
-0.00139	-0.4
-0.00138	-0.4
-0.00137	-0.4
-0.00136	-0.4
-0.00135	-0.4
-0.00134	-0.4
-0.00133	-0.6
-0.00132	-0.4
-0.00131	-0.6
-0.0013	-0.6
-0.00129	-0.6
-0.00128	-0.6
-0.00127	-0.8
-0.00126	-0.8
-0.00125	-0.6
-0.00124	-0.8
-0.00123	-0.6
-0.00122	-0.8
-0.00121	-0.8
-0.0012	-0.8
-0.00119	-0.8
-0.00118	-0.8
-0.00117	-0.8
-0.00116	-0.8
-0.00115	-1.6
-0.00114	-7.8
-0.00113	-8
-0.00112	-8
-0.00111	-7.8
-0.0011	-7.8
-0.00109	-7.6
-0.00108	-7.6
-0.00107	-7.4
-0.00106	-7.4
-0.00105	-7.2
-0.00104	-7
-0.00103	-7
-0.00102	-7
-0.00101	-6.8
-0.001	-6.8
-0.00099	-6.6
-0.00098	-6.6
-0.00097	-6.4
-0.00096	-6.4
-0.00095	-6.2
-0.00094	-6.2
-0.00093	-6.2
-0.00092	-6.2
-0.00091	-6
-0.0009	-6
-0.00089	-6
-0.00088	-5.8
-0.00087	-5.6
-0.00086	-5.6
-0.00085	-5.6
-0.00084	-5.4
-0.00083	-5.4
-0.00082	-5.4
-0.00081	-5.2
-0.0008	-5.2
-0.00079	-5.2
-0.00078	-5
-0.00077	-4.8
-0.00076	-4.8
-0.00075	-4.6
-0.00074	-4.2
-0.00073	-4
-0.00072	-3.8
-0.00071	-2.8
-0.0007	-2
-0.00069	-1.4
-0.00068	-0.6
-0.00067	0
-0.00066	0.4
-0.00065	0.8
-0.00064	1
-0.00063	1.2
-0.00062	1.4
-0.00061	1.6
-0.0006	1.6
-0.00059	1.6
-0.00058	1.8
-0.00057	1.8
-0.00056	1.8
-0.00055	1.8
-0.00054	1.6
-0.00053	1.6
-0.00052	1.6
-0.00051	1.4
-0.0005	1.6
-0.00049	1.4
-0.00048	1.4
-0.00047	1.6
-0.00046	1.4
-0.00045	1.4
-0.00044	1.6
-0.00043	1.4
-0.00042	1.4
-0.00041	1.4
-0.0004	1.6
-0.00039	1.4
-0.00038	1.6
-0.00037	1.6
-0.00036	1.6
-0.00035	1.6
-0.00034	1.6
-0.00033	1.6
-0.00032	1.6
-0.00031	1.6
-0.0003	1.6
-0.00029	1.6
-0.00028	1.6
-0.00027	1.8
-0.00026	1.6
-0.00025	1.8
-0.00024	1.8
-0.00023	1.8
-0.00022	1.8
-0.00021	1.8
-0.0002	1.8
-0.00019	1.8
-0.00018	1.8
-0.00017	1.8
-0.00016	1.8
-0.00015	1.8
-0.00014	1.8
-0.00013	2
-0.00012	2
-0.00011	2
-0.0001	2
-0.00009	2
-0.00008	2
-0.00007	2
-0.00006	2
-0.00005	2
-0.00004	2
-0.00003	2
-0.00002	2
-0.00001	2
0	2.2
0.00001	2.2
0.00002	2
0.00003	2.2
0.00004	2.2
0.00005	2.2
0.00006	2.2
0.00007	2.2
0.00008	2.2
0.00009	2.2
0.0001	2
0.00011	2.2
0.00012	2.2
0.00013	2.2
0.00014	2.2
0.00015	2.2
0.00016	2.2
0.00017	2.4
0.00018	2.4
0.00019	2.4
0.0002	2.4
0.00021	2.4
0.00022	2.4
0.00023	2.4
0.00024	2.4
0.00025	2.4
0.00026	2.2
0.00027	2.4
0.00028	2.4
0.00029	2.4
0.0003	2.4
0.00031	2.4
0.00032	2.4
0.00033	2.2
0.00034	2.4
0.00035	2.4
0.00036	2.4
0.00037	2.4
0.00038	2.4
0.00039	2.4
0.0004	2.4
0.00041	2.4
0.00042	2.4
0.00043	2.4
0.00044	2.4
0.00045	2.4
0.00046	2.4
0.00047	2.4
0.00048	2.4
0.00049	2.4
0.0005	2.4
0.00051	2.4
0.00052	2.4
0.00053	2.4
0.00054	2.2
0.00055	2.2
0.00056	2.2
0.00057	2.2
0.00058	2.2
0.00059	2.2
0.0006	2.2
0.00061	2.2
0.00062	2.2
0.00063	2.2
0.00064	2.2
0.00065	2.2
0.00066	2.2
0.00067	2
0.00068	2
0.00069	2.2
0.0007	2
0.00071	2
0.00072	2
0.00073	2
0.00074	2
0.00075	2
0.00076	1.8
0.00077	1.8
0.00078	1.8
0.00079	1.8
0.0008	1.8
0.00081	1.8
0.00082	1.8
0.00083	1.8
0.00084	1.8
0.00085	1.8
0.00086	1.6
0.00087	1.6
0.00088	1.6
0.00089	1.6
0.0009	1.6
0.00091	1.6
0.00092	1.6
0.00093	1.6
0.00094	1.4
0.00095	1.6
0.00096	1.4
0.00097	1.4
0.00098	1.4
0.00099	1.4
0.001	1.4
0.00101	1.4
0.00102	1.4
0.00103	1.4
0.00104	1.2
0.00105	1.2
0.00106	1.2
0.00107	1.2
0.00108	1.2
0.00109	1.2
0.0011	1.2
0.00111	1.2
0.00112	1
0.00113	1
0.00114	1
0.00115	1
0.00116	1
0.00117	1
0.00118	1
0.00119	1
0.0012	0.8
0.00121	0.8
0.00122	0.8
0.00123	0.8
0.00124	0.8
0.00125	0.8
0.00126	0.8
0.00127	0.6
0.00128	0.8
0.00129	0.6
0.0013	0.6
0.00131	0.6
0.00132	0.6
0.00133	0.6
0.00134	0.6
0.00135	0.8
0.00136	0.6
0.00137	0.4
0.00138	0.6
0.00139	0.6
0.0014	0.4
0.00141	0.6
0.00142	0.4
0.00143	0.4
0.00144	0.4
0.00145	0.4
0.00146	0.4
0.00147	0.4
0.00148	0.4
0.00149	0.2
0.0015	0.4
0.00151	0.4
0.00152	0.4
0.00153	0.4
0.00154	0.2
0.00155	0.2
0.00156	0.2
0.00157	0.2
0.00158	0.2
0.00159	0.2
0.0016	0.2
0.00161	0.2
0.00162	0.2
0.00163	0.2
0.00164	0
0.00165	0
0.00166	0
0.00167	0
0.00168	0
0.00169	0
0.0017	0
0.00171	0
0.00172	0
0.00173	0
0.00174	0
0.00175	-0.2
0.00176	-0.2
0.00177	-0.2
0.00178	-0.2
0.00179	-0.2
0.0018	-0.2
0.00181	-0.2
0.00182	-0.2
0.00183	-0.2
0.00184	-0.2
0.00185	-0.2
0.00186	-0.2
0.00187	-0.2
0.00188	-0.2
0.00189	-0.2
0.0019	-0.2
0.00191	-0.2
0.00192	-0.2
0.00193	-0.2
0.00194	-0.4
0.00195	-0.2
0.00196	-0.4
0.00197	-0.4
0.00198	-0.4
0.00199	-0.4
0.002	-0.4
0.00201	-0.4
0.00202	-0.4
0.00203	-0.4
0.00204	-0.4
0.00205	-0.4
0.00206	-0.4
0.00207	-0.4
0.00208	-0.4
0.00209	-0.4
0.0021	-0.6
0.00211	-0.6
0.00212	-0.4
0.00213	-0.4
0.00214	-0.6
0.00215	-0.6
0.00216	-0.6
0.00217	-0.6
0.00218	-0.6
0.00219	-0.6
0.0022	-0.6
0.00221	-0.6
0.00222	-0.6
0.00223	-0.8
0.00224	-0.6
0.00225	-0.8
0.00226	-6.6
0.00227	-7.4
0.00228	-7.2
0.00229	-7.2
0.0023	-7
0.00231	-7
0.00232	-6.8
0.00233	-6.8
0.00234	-6.8
0.00235	-6.6
0.00236	-6.6
0.00237	-6.6
0.00238	-6.4
0.00239	-6.4
0.0024	-6.4
0.00241	-6.2
0.00242	-6.2
0.00243	-6.2
0.00244	-6
0.00245	-6
0.00246	-6
0.00247	-5.8
0.00248	-5.8
0.00249	-5.6
0.0025	-5.6
0.00251	-5.4
0.00252	-5.4
0.00253	-5.4
0.00254	-5.4
0.00255	-5.2
0.00256	-5.2
0.00257	-5
0.00258	-5
0.00259	-4.8
0.0026	-4.8
0.00261	-4.8
0.00262	-4.6
0.00263	-4.4
0.00264	-4.2
0.00265	-4
0.00266	-3.8
0.00267	-3.4
0.00268	-2.4
0.00269	-1.6
0.0027	-1
0.00271	-0.6
0.00272	0
0.00273	0.4
0.00274	0.8
0.00275	1
0.00276	1
0.00277	1.4
0.00278	1.6
0.00279	1.6
0.0028	1.8
0.00281	1.8
0.00282	1.8
0.00283	1.8
0.00284	2
0.00285	2
0.00286	2
0.00287	1.8
0.00288	1.8
0.00289	1.8
0.0029	2
0.00291	2
0.00292	1.8
0.00293	1.8
0.00294	1.8
0.00295	1.8
0.00296	1.8
0.00297	1.8
0.00298	1.8
0.00299	1.8
0.003	1.8
0.00301	1.8
0.00302	1.8
0.00303	1.8
0.00304	1.8
0.00305	1.8
0.00306	1.8
0.00307	1.8
0.00308	2
0.00309	1.8
0.0031	1.8
0.00311	1.8
0.00312	1.8
0.00313	1.8
0.00314	2
0.00315	2
0.00316	2
0.00317	2
0.00318	1.8
0.00319	2
0.0032	2
0.00321	2
0.00322	2
0.00323	2
0.00324	2
0.00325	2
0.00326	2
0.00327	2
0.00328	2
0.00329	2.2
0.0033	2
0.00331	2.2
0.00332	2.2
0.00333	2.2
0.00334	2.2
0.00335	2.2
0.00336	2.2
0.00337	2.2
0.00338	2.2
0.00339	2.2
0.0034	2.2
0.00341	2.2
0.00342	2.2
0.00343	2
0.00344	2.2
0.00345	2.2
0.00346	2.2
0.00347	2.2
0.00348	2.2
0.00349	2.2
0.0035	2.2
0.00351	2.2
0.00352	2.2
0.00353	2.2
0.00354	2.2
0.00355	2.2
0.00356	2.2
0.00357	2.2
0.00358	2.2
0.00359	2.2
0.0036	2.2
0.00361	2.2
0.00362	2.2
0.00363	2.2
0.00364	2.2
0.00365	2.2
0.00366	2.2
0.00367	2.2
0.00368	2.2
0.00369	2.2
0.0037	2.2
0.00371	2.2
0.00372	2.2
0.00373	2.2
0.00374	2.2
0.00375	2.2
0.00376	2.2
0.00377	2.2
0.00378	2.2
0.00379	2
0.0038	2
0.00381	2
0.00382	2
0.00383	2
0.00384	2.2
0.00385	2.2
0.00386	2
0.00387	2
0.00388	2
0.00389	2
0.0039	2
0.00391	2
0.00392	1.8
0.00393	1.8
0.00394	1.8
0.00395	1.8
0.00396	1.8
0.00397	1.8
0.00398	1.8
0.00399	1.8
0.004	1.8
0.00401	1.8
0.00402	1.8
0.00403	1.6
0.00404	1.6
0.00405	1.6
0.00406	1.6
0.00407	1.6
0.00408	1.6
0.00409	1.4
0.0041	1.4
0.00411	1.6
0.00412	1.4
0.00413	1.4
0.00414	1.2
0.00415	1.4
0.00416	1.4
0.00417	1.2
0.00418	1.2
0.00419	1.2
0.0042	1.2
0.00421	1.2
0.00422	1
0.00423	1
0.00424	1
0.00425	1
0.00426	1
0.00427	1
0.00428	0.8
0.00429	0.8
0.0043	0.8
0.00431	0.8
0.00432	0.8
0.00433	0.8
0.00434	0.8
0.00435	0.6
0.00436	0.6
0.00437	0.6
0.00438	0.6
0.00439	0.6
0.0044	0.6
0.00441	0.6
0.00442	0.6
0.00443	0.6
0.00444	0.4
0.00445	0.4
0.00446	0.4
0.00447	0.4
0.00448	0.4
0.00449	0.4
0.0045	0.2
0.00451	0.2
0.00452	0.2
0.00453	0.2
0.00454	0.2
0.00455	0.2
0.00456	0.2
0.00457	0
0.00458	0
0.00459	0
0.0046	0
0.00461	0
0.00462	-0.2
0.00463	-0.2
0.00464	-0.2
0.00465	-0.2
0.00466	-0.2
0.00467	-0.2
0.00468	-0.2
0.00469	-0.2
0.0047	-0.2
0.00471	-0.2
0.00472	-0.2
0.00473	-0.2
0.00474	-0.2
0.00475	-0.2
0.00476	-0.2
0.00477	-0.2
0.00478	-0.2
0.00479	-0.2
0.0048	-0.4
0.00481	-0.4
0.00482	-0.4
0.00483	-0.4
0.00484	-0.4
0.00485	-0.4
0.00486	-0.4
0.00487	-0.4
0.00488	-0.4
0.00489	-0.4
0.0049	-0.4
0.00491	-0.6
0.00492	-0.4
0.00493	-0.4
0.00494	-0.6
0.00495	-0.6
0.00496	-0.6
0.00497	-0.6
0.00498	-0.6
0.00499	-0.6
0.005	-0.6
0.00501	-0.6
0.00502	-0.6
0.00503	-0.6
0.00504	-0.6
0.00505	-0.8
0.00506	-0.6
0.00507	-0.8
0.00508	-0.8
0.00509	-0.6
0.0051	-0.8
0.00511	-0.8
0.00512	-0.8
0.00513	-0.8
0.00514	-0.8
0.00515	-0.8
0.00516	-0.8
0.00517	-0.8
0.00518	-0.8
0.00519	-0.8
0.0052	-0.8
0.00521	-0.8
0.00522	-3
0.00523	-7.4
0.00524	-7.4
0.00525	-7.4
0.00526	-7.2
0.00527	-7.2
0.00528	-7
0.00529	-7
0.0053	-7
0.00531	-6.8
0.00532	-6.8
0.00533	-6.8
0.00534	-6.6
0.00535	-6.4
0.00536	-6.4
0.00537	-6.2
0.00538	-6.2
0.00539	-6.2
0.0054	-6.2
0.00541	-6
0.00542	-5.8
0.00543	-5.8
0.00544	-5.6
0.00545	-5.6
0.00546	-5.4
0.00547	-5.4
0.00548	-5.4
0.00549	-5
0.0055	-4.8
0.00551	-4.6
0.00552	-4.4
0.00553	-3.6
0.00554	-2.4
0.00555	-1.6
0.00556	-0.8
0.00557	-0.2
0.00558	0.2
0.00559	0.6
0.0056	1
0.00561	1
0.00562	1.2
0.00563	1.4
0.00564	1.4
0.00565	1.6
0.00566	1.6
0.00567	1.4
0.00568	1.6
0.00569	1.4
0.0057	1.4
0.00571	1.4
0.00572	1.4
0.00573	1.4
0.00574	1.4
0.00575	1.4
0.00576	1.2
0.00577	1.4
0.00578	1.2
0.00579	1.4
0.0058	1.2
0.00581	1.2
0.00582	1.2
0.00583	1.4
0.00584	1.2
0.00585	1.2
0.00586	1.2
0.00587	1.4
0.00588	1.4
0.00589	1.4
0.0059	1.4
0.00591	1.4
0.00592	1.4
0.00593	1.4
0.00594	1.4
0.00595	1.6
0.00596	1.6
0.00597	1.6
0.00598	1.6
0.00599	1.4
0.006	1.6
0.00601	1.6
0.00602	1.6
0.00603	1.6
0.00604	1.6
0.00605	1.6
0.00606	1.8
0.00607	1.8
0.00608	1.8
0.00609	1.8
0.0061	1.8
0.00611	1.8
0.00612	1.8
0.00613	1.8
0.00614	1.8
0.00615	2
0.00616	1.8
0.00617	2
0.00618	1.8
0.00619	2
0.0062	1.8
0.00621	2
0.00622	2.2
0.00623	2
0.00624	2
0.00625	2
0.00626	2
0.00627	2
0.00628	2
0.00629	2
0.0063	2.2
0.00631	2
0.00632	2.2
0.00633	2
0.00634	2
0.00635	2.2
0.00636	2
0.00637	2.2
0.00638	2.2
0.00639	2.2
0.0064	2
0.00641	2.2
0.00642	2.2
0.00643	2.2
0.00644	2.2
0.00645	2.2
0.00646	2.2
0.00647	2.2
0.00648	2.2
0.00649	2.2
0.0065	2.2
0.00651	2.2
0.00652	2.2
0.00653	2.2
0.00654	2.4
0.00655	2.2
0.00656	2.4
0.00657	2.2
0.00658	2.4
0.00659	2.4
0.0066	2.4
0.00661	2.2
0.00662	2.4
0.00663	2.2
0.00664	2.4
0.00665	2.2
0.00666	2.2
0.00667	2.2
0.00668	2.2
0.00669	2.2
0.0067	2.2
0.00671	2.2
0.00672	2.2
0.00673	2.2
0.00674	2.2
0.00675	2.2
0.00676	2.2
0.00677	2.2
0.00678	2.2
0.00679	2
0.0068	2.2
0.00681	2
0.00682	2
0.00683	2
0.00684	2
0.00685	1.8
0.00686	2
0.00687	1.8
0.00688	1.8
0.00689	1.8
0.0069	1.8
0.00691	1.8
0.00692	1.8
0.00693	1.8
0.00694	1.8
0.00695	1.8
0.00696	1.8
0.00697	1.8
0.00698	1.8
0.00699	1.8
0.007	1.6
0.00701	1.6
0.00702	1.6
0.00703	1.6
0.00704	1.4
0.00705	1.6
0.00706	1.4
0.00707	1.4
0.00708	1.4
0.00709	1.4
0.0071	1.4
0.00711	1.4
0.00712	1.2
0.00713	1.2
0.00714	1.2
0.00715	1.2
0.00716	1.2
0.00717	1.2
0.00718	1
0.00719	1
0.0072	1
0.00721	1
0.00722	1
0.00723	1
0.00724	1
0.00725	1
0.00726	0.8
0.00727	0.8
0.00728	0.8
0.00729	0.8
0.0073	0.8
0.00731	0.8
0.00732	0.8
0.00733	0.8
0.00734	0.6
0.00735	0.6
0.00736	0.6
0.00737	0.6
0.00738	0.6
0.00739	0.6
0.0074	0.4
0.00741	0.4
0.00742	0.4
0.00743	0.4
0.00744	0.4
0.00745	0.4
0.00746	0.4
0.00747	0.4
0.00748	0.2
0.00749	0.2
0.0075	0.2
0.00751	0.2
0.00752	0.2
0.00753	0
0.00754	0
0.00755	0
0.00756	0
0.00757	0
0.00758	-0.2
0.00759	-0.2
0.0076	-0.2
0.00761	-0.2
0.00762	-0.2
0.00763	-0.2
0.00764	-0.2
0.00765	-0.4
0.00766	-0.4
0.00767	-0.2
0.00768	-0.4
0.00769	-0.4
0.0077	-0.4
0.00771	-0.4
0.00772	-0.6
0.00773	-0.4
0.00774	-0.6
0.00775	-0.6
0.00776	-0.6
0.00777	-0.8
0.00778	-0.6
0.00779	-0.6
0.0078	-0.8
0.00781	-0.8
0.00782	-0.8
0.00783	-0.8
0.00784	-0.8
0.00785	-0.8
0.00786	-1
0.00787	-0.8
0.00788	-1
0.00789	-1
0.0079	-1
0.00791	-1.2
0.00792	-1
0.00793	-1.2
0.00794	-1
0.00795	-1
0.00796	-1.2
0.00797	-1.8
0.00798	-8
0.00799	-8.2
0.008	-8.2
0.00801	-8
0.00802	-8.2
0.00803	-8
0.00804	-7.8
0.00805	-7.8
0.00806	-7.6
0.00807	-7.6
0.00808	-7.4
0.00809	-7.4
0.0081	-7.4
0.00811	-7.4
0.00812	-7.2
0.00813	-7
0.00814	-7
0.00815	-6.8
0.00816	-6.8
0.00817	-6.8
0.00818	-6.8
0.00819	-6.6
0.0082	-6.4
0.00821	-6.4
0.00822	-6.2
0.00823	-6.2
0.00824	-6.2
0.00825	-6
0.00826	-5.6
0.00827	-5.4
0.00828	-5
0.00829	-4.2
0.0083	-2.8
0.00831	-2.2
0.00832	-1.6
0.00833	-1
0.00834	-0.4
0.00835	0
0.00836	0.2
0.00837	0.4
0.00838	0.6
0.00839	0.6
0.0084	0.6
0.00841	0.6
0.00842	0.6
0.00843	0.6
0.00844	0.6
0.00845	0.4
0.00846	0.4
0.00847	0.4
0.00848	0.4
0.00849	0.4
0.0085	0.4
0.00851	0.4
0.00852	0.4
0.00853	0.2
0.00854	0.4
0.00855	0.4
0.00856	0.4
0.00857	0.4
0.00858	0.2
0.00859	0.2
0.0086	0.2
0.00861	0.2
0.00862	0.4
0.00863	0.2
0.00864	0.4
0.00865	0.4
0.00866	0.4
0.00867	0.4
0.00868	0.4
0.00869	0.4
0.0087	0.4
0.00871	0.4
0.00872	0.4
0.00873	0.4
0.00874	0.4
0.00875	0.6
0.00876	0.6
0.00877	0.6
0.00878	0.6
0.00879	0.6
0.0088	0.6
0.00881	0.6
0.00882	0.6
0.00883	0.8
0.00884	0.8
0.00885	0.6
0.00886	0.8
0.00887	0.8
0.00888	0.8
0.00889	0.8
0.0089	0.8
0.00891	0.8
0.00892	0.8
0.00893	0.8
0.00894	1
0.00895	1
0.00896	1
0.00897	1
0.00898	1
0.00899	1
0.009	1
0.00901	1
0.00902	1
0.00903	1
0.00904	1
0.00905	1
0.00906	1
0.00907	1.2
0.00908	1.2
0.00909	1.2
0.0091	1.2
0.00911	1.2
0.00912	1.2
0.00913	1.4
0.00914	1.2
0.00915	1.2
0.00916	1.4
0.00917	1.2
0.00918	1.4
0.00919	1.4
0.0092	1.4
0.00921	1.4
0.00922	1.4
0.00923	1.4
0.00924	1.4
0.00925	1.6
0.00926	1.6
0.00927	1.6
0.00928	1.6
0.00929	1.6
0.0093	1.6
0.00931	1.6
0.00932	1.6
0.00933	1.6
0.00934	1.6
0.00935	1.8
0.00936	1.8
0.00937	1.6
0.00938	1.6
0.00939	1.8
0.0094	1.6
0.00941	1.8
0.00942	1.6
0.00943	1.8
0.00944	1.8
0.00945	1.6
0.00946	1.8
0.00947	1.8
0.00948	1.8
0.00949	1.8
0.0095	1.8
0.00951	1.8
0.00952	1.8
0.00953	1.6
0.00954	1.8
0.00955	1.8
0.00956	1.6
0.00957	1.8
0.00958	1.8
0.00959	1.6
0.0096	1.8
0.00961	1.6
0.00962	1.6
0.00963	1.6
0.00964	1.6
0.00965	1.6
0.00966	1.6
0.00967	1.6
0.00968	1.6
0.00969	1.4
0.0097	1.6
0.00971	1.4
0.00972	1.6
0.00973	1.6
0.00974	1.4
0.00975	1.4
0.00976	1.4
0.00977	1.4
0.00978	1.4
0.00979	1.4
0.0098	1.4
0.00981	1.4
0.00982	1.2
0.00983	1.2
0.00984	1.2
0.00985	1.2
0.00986	1.2
0.00987	1.2
0.00988	1.2
0.00989	1.2
0.0099	1
0.00991	1
0.00992	1
0.00993	1
0.00994	1
0.00995	1
0.00996	1
0.00997	1
0.00998	1
0.00999	1
0.01	0.8
0.01001	1
0.01002	0.8
0.01003	0.8
0.01004	0.8
0.01005	0.8
0.01006	0.8
0.01007	0.8
0.01008	0.6
0.01009	0.6
0.0101	0.6
0.01011	0.6
0.01012	0.8
0.01013	0.6
0.01014	0.6
0.01015	0.6
0.01016	0.6
0.01017	0.4
0.01018	0.4
0.01019	0.4
0.0102	0.4
0.01021	0.4
0.01022	0.4
0.01023	0.4
0.01024	0.4
0.01025	0.4
0.01026	0.4
0.01027	0.4
0.01028	0.2
0.01029	0.2
0.0103	0.2
0.01031	0.2
0.01032	0.2
0.01033	0.2
0.01034	0.2
0.01035	0
0.01036	0
0.01037	0
0.01038	0
0.01039	0
0.0104	0
0.01041	-0.2
0.01042	-0.2
0.01043	-0.2
0.01044	-0.2
0.01045	-0.2
0.01046	-0.4
0.01047	-0.2
0.01048	-0.4
0.01049	-0.4
0.0105	-0.4
0.01051	-0.4
0.01052	-0.4
0.01053	-0.4
0.01054	-0.4
0.01055	-0.4
0.01056	-0.6
0.01057	-0.6
0.01058	-0.6
0.01059	-0.6
0.0106	-0.6
0.01061	-0.6
0.01062	-0.8
0.01063	-0.8
0.01064	-0.8
0.01065	-0.8
0.01066	-0.8
0.01067	-0.8
0.01068	-0.8
0.01069	-0.8
0.0107	-0.8
0.01071	-1
0.01072	-5.4
0.01073	-8.4
0.01074	-8.2
0.01075	-8.2
0.01076	-8
0.01077	-8
0.01078	-7.8
0.01079	-7.6
0.0108	-7.6
0.01081	-7.4
0.01082	-7.4
0.01083	-7.4
0.01084	-7.2
0.01085	-7.2
0.01086	-7.2
0.01087	-7
0.01088	-7
0.01089	-6.8
0.0109	-6.8
0.01091	-6.6
0.01092	-6.6
0.01093	-6.4
0.01094	-6.4
0.01095	-6.2
0.01096	-6.2
0.01097	-6.2
0.01098	-6
0.01099	-5.8
0.011	-5.4
0.01101	-5.2
0.01102	-5
0.01103	-4.4
0.01104	-3.2
0.01105	-2.2
0.01106	-1.4
0.01107	-1
0.01108	-0.2
0.01109	0
0.0111	0.4
0.01111	0.6
0.01112	0.8
0.01113	0.8
0.01114	0.8
0.01115	1
0.01116	0.8
0.01117	0.8
0.01118	0.8
0.01119	0.8
0.0112	0.8
0.01121	0.8
0.01122	0.6
0.01123	0.6
0.01124	0.6
0.01125	0.6
0.01126	0.6
0.01127	0.6
0.01128	0.6
0.01129	0.6
0.0113	0.6
0.01131	0.6
0.01132	0.4
0.01133	0.6
0.01134	0.6
0.01135	0.4
0.01136	0.6
0.01137	0.6
0.01138	0.6
0.01139	0.6
0.0114	0.6
0.01141	0.6
0.01142	0.6
0.01143	0.6
0.01144	0.6
0.01145	0.8
0.01146	0.6
0.01147	0.6
0.01148	0.6
0.01149	0.8
0.0115	0.8
0.01151	0.8
0.01152	0.8
0.01153	0.8
0.01154	0.8
0.01155	1
0.01156	1
0.01157	1
0.01158	1
0.01159	1
0.0116	1
0.01161	1
0.01162	1
0.01163	1
0.01164	1
0.01165	1
0.01166	1.2
0.01167	1
0.01168	1
0.01169	1.2
0.0117	1.2
0.01171	1.2
0.01172	1.2
0.01173	1.4
0.01174	1.4
0.01175	1.4
0.01176	1.4
0.01177	1.4
0.01178	1.2
0.01179	1.4
0.0118	1.4
0.01181	1.4
0.01182	1.4
0.01183	1.4
0.01184	1.4
0.01185	1.4
0.01186	1.6
0.01187	1.6
0.01188	1.4
0.01189	1.6
0.0119	1.8
0.01191	1.6
0.01192	1.6
0.01193	1.8
0.01194	1.8
0.01195	1.8
0.01196	1.8
0.01197	1.8
0.01198	1.8
0.01199	1.8
0.012	1.8
0.01201	1.8
0.01202	1.8
0.01203	1.8
0.01204	2
0.01205	1.8
0.01206	2
0.01207	2
0.01208	1.8
0.01209	1.8
0.0121	2
0.01211	2
0.01212	1.8
0.01213	2
0.01214	2
0.01215	2
0.01216	2
0.01217	2
0.01218	2
0.01219	2
0.0122	2
0.01221	2
0.01222	2
0.01223	2
0.01224	2
0.01225	2.2
0.01226	2
0.01227	2
0.01228	2
0.01229	2.2
0.0123	2
0.01231	2
0.01232	2.2
0.01233	2
0.01234	2
0.01235	2
0.01236	2
0.01237	2
0.01238	2
0.01239	2
0.0124	2
0.01241	2
0.01242	2
0.01243	2
0.01244	2
0.01245	2
0.01246	2
0.01247	2
0.01248	1.8
0.01249	1.8
0.0125	2
0.01251	1.8
0.01252	1.8
0.01253	1.8
0.01254	1.8
0.01255	1.8
0.01256	1.8
0.01257	1.8
0.01258	1.8
0.01259	1.8
0.0126	1.8
0.01261	1.8
0.01262	1.8
0.01263	1.8
0.01264	1.6
0.01265	1.8
0.01266	1.6
0.01267	1.6
0.01268	1.6
0.01269	1.6
0.0127	1.6
0.01271	1.4
0.01272	1.6
0.01273	1.6
0.01274	1.4
0.01275	1.4
0.01276	1.4
0.01277	1.4
0.01278	1.4
0.01279	1.4
0.0128	1.4
0.01281	1.4
0.01282	1.2
0.01283	1.2
0.01284	1.2
0.01285	1.2
0.01286	1.2
0.01287	1.2
0.01288	1.2
0.01289	1
0.0129	1
0.01291	1
0.01292	1
0.01293	1
0.01294	1
0.01295	1
0.01296	1
0.01297	1
0.01298	0.8
0.01299	1
0.013	0.8
0.01301	0.8
0.01302	0.8
0.01303	0.6
0.01304	0.6
0.01305	0.6
0.01306	0.6
0.01307	0.6
0.01308	0.6
0.01309	0.4
0.0131	0.4
0.01311	0.4
0.01312	0.4
0.01313	0.4
0.01314	0.4
0.01315	0.2
0.01316	0.2
0.01317	0.2
0.01318	0.2
0.01319	0.2
0.0132	0
0.01321	0
0.01322	0
0.01323	-0.2
0.01324	-0.2
0.01325	0
0.01326	-0.2
0.01327	-0.2
0.01328	-0.2
0.01329	-0.2
0.0133	-0.2
0.01331	-0.2
0.01332	-0.4
0.01333	-0.4
0.01334	-0.4
0.01335	-0.6
0.01336	-0.6
0.01337	-0.6
0.01338	-0.6
0.01339	-0.6
0.0134	-0.8
0.01341	-0.6
0.01342	-0.8
0.01343	-0.8
0.01344	-0.8
0.01345	-0.8
0.01346	-2.2
0.01347	-8.4
0.01348	-8.4
0.01349	-8.4
0.0135	-8.2
0.01351	-8
0.01352	-8
0.01353	-8
0.01354	-7.8
0.01355	-7.8
0.01356	-7.8
0.01357	-7.6
0.01358	-7.4
0.01359	-7.4
0.0136	-7.4
0.01361	-7.2
0.01362	-7.2
0.01363	-7
0.01364	-7
0.01365	-6.8
0.01366	-6.8
0.01367	-6.8
0.01368	-6.6
0.01369	-6.6
0.0137	-6.4
0.01371	-6.2
0.01372	-6.2
0.01373	-6
0.01374	-5.8
0.01375	-5.6
0.01376	-5.4
0.01377	-5
0.01378	-3.6
0.01379	-2.8
0.0138	-1.8
0.01381	-1.4
0.01382	-0.8
0.01383	-0.2
0.01384	0
0.01385	0.4
0.01386	0.6
0.01387	0.6
0.01388	0.6
0.01389	0.8
0.0139	0.6
0.01391	0.6
0.01392	0.6
0.01393	0.4
0.01394	0.4
0.01395	0.4
0.01396	0.4
0.01397	0.4
0.01398	0.2
0.01399	0.2
0.014	0.2
0.01401	0.2
0.01402	0.2
0.01403	0.2
0.01404	0.2
0.01405	0.2
0.01406	0.2
0.01407	0
0.01408	0
0.01409	0.2
0.0141	0.2
0.01411	0.2
0.01412	0.2
0.01413	0.2
0.01414	0.2
0.01415	0.2
0.01416	0.4
0.01417	0.2
0.01418	0.2
0.01419	0.4
0.0142	0.2
0.01421	0.2
0.01422	0.4
0.01423	0.4
0.01424	0.4
0.01425	0.4
0.01426	0.4
0.01427	0.4
0.01428	0.4
0.01429	0.4
0.0143	0.4
0.01431	0.4
0.01432	0.4
0.01433	0.4
0.01434	0.6
0.01435	0.6
0.01436	0.6
0.01437	0.6
0.01438	0.6
0.01439	0.6
0.0144	0.6
0.01441	0.6
0.01442	0.6
0.01443	0.6
0.01444	0.8
0.01445	0.6
0.01446	0.8
0.01447	0.8
0.01448	0.6
0.01449	0.8
0.0145	0.8
0.01451	0.8
0.01452	0.8
0.01453	0.8
0.01454	0.8
0.01455	0.8
0.01456	1
0.01457	1
0.01458	1
0.01459	1
0.0146	1
0.01461	1
0.01462	1.2
0.01463	1
0.01464	1.2
0.01465	1.2
0.01466	1.2
0.01467	1.2
0.01468	1.2
0.01469	1.2
0.0147	1.4
0.01471	1.2
0.01472	1.2
0.01473	1.4
0.01474	1.4
0.01475	1.4
0.01476	1.4
0.01477	1.4
0.01478	1.4
0.01479	1.4
0.0148	1.6
0.01481	1.8
0.01482	1.6
0.01483	1.6
0.01484	1.6
0.01485	1.6
0.01486	1.6
0.01487	1.8
0.01488	1.8
0.01489	1.6
0.0149	1.8
0.01491	1.8
0.01492	1.6
0.01493	1.6
0.01494	1.8
0.01495	1.8
0.01496	1.6
0.01497	1.8
0.01498	1.8
0.01499	1.8
0.015	1.8
0.01501	1.8
0.01502	1.8
0.01503	1.8
0.01504	1.8
0.01505	1.8
0.01506	1.8
0.01507	1.8
0.01508	1.8
0.01509	1.8
0.0151	1.8
0.01511	1.8
0.01512	1.6
0.01513	1.8
0.01514	1.6
0.01515	1.8
0.01516	1.6
0.01517	1.6
0.01518	1.6
0.01519	1.6
0.0152	1.6
0.01521	1.8
0.01522	1.6
0.01523	1.6
0.01524	1.6
0.01525	1.6
0.01526	1.6
0.01527	1.6
0.01528	1.6
0.01529	1.6
0.0153	1.6
0.01531	1.6
0.01532	1.6
0.01533	1.6
0.01534	1.4
0.01535	1.6
0.01536	1.4
0.01537	1.6
0.01538	1.6
0.01539	1.4
0.0154	1.4
0.01541	1.4
0.01542	1.4
0.01543	1.4
0.01544	1.4
0.01545	1.4
0.01546	1.2
0.01547	1.2
0.01548	1.2
0.01549	1.2
0.0155	1
0.01551	1.2
0.01552	1.2
0.01553	1
0.01554	1
0.01555	1
0.01556	1.2
0.01557	1
0.01558	1
0.01559	1
0.0156	1
0.01561	1
0.01562	1
0.01563	0.8
0.01564	1
0.01565	0.8
0.01566	0.8
0.01567	0.8
0.01568	0.8
0.01569	0.8
0.0157	0.8
0.01571	0.6
0.01572	0.6
0.01573	0.8
0.01574	0.8
0.01575	0.6
0.01576	0.6
0.01577	0.6
0.01578	0.6
0.01579	0.6
0.0158	0.6
0.01581	0.6
0.01582	0.6
0.01583	0.4
0.01584	0.6
0.01585	0.4
0.01586	0.4
0.01587	0.4
0.01588	0.4
0.01589	0.4
0.0159	0.4
0.01591	0.2
0.01592	0.2
0.01593	0.2
0.01594	0.2
0.01595	0.2
0.01596	0.2
0.01597	0.2
0.01598	0.2
0.01599	0
0.016	0
0.01601	0
0.01602	0
0.01603	0
0.01604	0
0.01605	0
0.01606	-0.2
0.01607	-0.2
0.01608	-0.2
0.01609	-0.2
0.0161	-0.2
0.01611	-0.2
0.01612	-0.2
0.01613	-0.4
0.01614	-0.2
0.01615	-0.4
0.01616	-0.4
0.01617	-0.4
0.01618	-0.4
0.01619	-0.4
0.0162	-0.8
0.01621	-7.8
0.01622	-8
0.01623	-8
0.01624	-8
0.01625	-7.8
0.01626	-7.6
0.01627	-7.6
0.01628	-7.6
0.01629	-7.4
0.0163	-7.4
0.01631	-7.2
0.01632	-7.2
0.01633	-7
0.01634	-7
0.01635	-6.8
0.01636	-6.8
0.01637	-6.8
0.01638	-6.6
0.01639	-6.6
0.0164	-6.4
0.01641	-6.2
0.01642	-6.2
0.01643	-6.2
0.01644	-6.2
0.01645	-6
0.01646	-5.8
0.01647	-5.6
0.01648	-5.4
0.01649	-5.2
0.0165	-4.8
0.01651	-4.6
0.01652	-3.4
0.01653	-2.4
0.01654	-1.6
0.01655	-0.8
0.01656	-0.2
0.01657	0.2
0.01658	0.6
0.01659	0.8
0.0166	1
0.01661	1.2
0.01662	1.2
0.01663	1.4
0.01664	1.2
0.01665	1.2
0.01666	1.2
0.01667	1.2
0.01668	1
0.01669	1
0.0167	1
0.01671	1
0.01672	1
0.01673	1
0.01674	0.8
0.01675	0.8
0.01676	0.8
0.01677	0.8
0.01678	0.8
0.01679	0.8
0.0168	0.6
0.01681	0.8
0.01682	0.8
0.01683	0.8
0.01684	0.8
0.01685	0.8
0.01686	0.8
0.01687	0.8
0.01688	0.8
0.01689	1
0.0169	0.8
0.01691	0.8
0.01692	1
0.01693	0.8
0.01694	0.8
0.01695	0.8
0.01696	1
0.01697	1
0.01698	1
0.01699	1
0.017	1
0.01701	1
0.01702	1.2
0.01703	1
0.01704	1
0.01705	1
0.01706	1.2
0.01707	1.2
0.01708	1.2
0.01709	1.2
0.0171	1.2
0.01711	1.2
0.01712	1.4
0.01713	1.2
0.01714	1.4
0.01715	1.4
0.01716	1.4
0.01717	1.4
0.01718	1.4
0.01719	1.4
0.0172	1.4
0.01721	1.6
0.01722	1.4
0.01723	1.6
0.01724	1.4
0.01725	1.6
0.01726	1.4
0.01727	1.6
0.01728	1.6
0.01729	1.6
0.0173	1.6
0.01731	1.6
0.01732	1.6
0.01733	1.8
0.01734	1.6
0.01735	1.8
0.01736	1.8
0.01737	1.8
0.01738	1.8
0.01739	1.8
0.0174	1.8
0.01741	1.8
0.01742	1.8
0.01743	1.8
0.01744	1.8
0.01745	1.8
0.01746	1.8
0.01747	1.8
0.01748	2
0.01749	1.8
0.0175	1.8
0.01751	2
0.01752	2
0.01753	2
0.01754	2
0.01755	2
0.01756	2
0.01757	2
0.01758	2.2
0.01759	2
0.0176	2.2
0.01761	2.2
0.01762	2.2
0.01763	2.2
0.01764	2.2
0.01765	2.2
0.01766	2.2
0.01767	2
0.01768	2.2
0.01769	2.2
0.0177	2.2
0.01771	2.2
0.01772	2
0.01773	2.2
0.01774	2.2
0.01775	2.2
0.01776	2.2
0.01777	2.2
0.01778	2.2
0.01779	2.2
0.0178	2.2
0.01781	2.2
0.01782	2.2
0.01783	2.2
0.01784	2
0.01785	2
0.01786	2
0.01787	2
0.01788	2.2
0.01789	2
0.0179	2
0.01791	2
0.01792	2
0.01793	2
0.01794	2
0.01795	2
0.01796	2
0.01797	2
0.01798	2
0.01799	2
0.018	1.8
0.01801	2
0.01802	2
0.01803	1.8
0.01804	1.8
0.01805	1.8
0.01806	1.8
0.01807	1.8
0.01808	1.8
0.01809	1.8
0.0181	1.8
0.01811	1.8
0.01812	1.6
0.01813	1.8
0.01814	1.8
0.01815	1.6
0.01816	1.6
0.01817	1.6
0.01818	1.6
0.01819	1.6
0.0182	1.6
0.01821	1.6
0.01822	1.6
0.01823	1.6
0.01824	1.4
0.01825	1.4
0.01826	1.4
0.01827	1.4
0.01828	1.4
0.01829	1.4
0.0183	1.4
0.01831	1.4
0.01832	1.2
0.01833	1.4
0.01834	1.2
0.01835	1.2
0.01836	1.2
0.01837	1.2
0.01838	1
0.01839	1
0.0184	1
0.01841	1
0.01842	1
0.01843	1
0.01844	1
0.01845	1
0.01846	1
0.01847	0.8
0.01848	1
0.01849	0.8
0.0185	0.8
0.01851	0.8
0.01852	0.6
0.01853	0.8
0.01854	0.8
0.01855	0.6
0.01856	0.8
0.01857	0.6
0.01858	0.6
0.01859	0.6
0.0186	0.6
0.01861	0.6
0.01862	0.4
0.01863	0.6
0.01864	0.4
0.01865	0.6
0.01866	0.4
0.01867	0.4
0.01868	0.4
0.01869	0.2
0.0187	0.4
0.01871	0.4
0.01872	0.2
0.01873	0.2
0.01874	0.2
0.01875	0.2
0.01876	0.2
0.01877	0
0.01878	0
0.01879	0
0.0188	0
0.01881	0
0.01882	0
0.01883	-0.2
0.01884	-0.2
0.01885	-0.2
0.01886	-0.2
0.01887	-0.2
0.01888	-0.2
0.01889	-0.2
0.0189	-0.4
0.01891	-0.4
0.01892	-0.4
0.01893	-0.4
0.01894	-0.4
0.01895	-3.2
0.01896	-8
0.01897	-8
0.01898	-8
0.01899	-7.8
0.019	-7.6
0.01901	-7.6
0.01902	-7.4
0.01903	-7.4
0.01904	-7.4
0.01905	-7.2
0.01906	-7
0.01907	-7
0.01908	-7
0.01909	-6.8
0.0191	-6.8
0.01911	-6.6
0.01912	-6.4
0.01913	-6.4
0.01914	-6.4
0.01915	-6.2
0.01916	-6.2
0.01917	-6.2
0.01918	-6
0.01919	-6
0.0192	-5.8
0.01921	-5.8
0.01922	-5.6
0.01923	-5.2
0.01924	-5
0.01925	-4.8
0.01926	-4.2
0.01927	-2.8
0.01928	-2
0.01929	-1.2
0.0193	-0.6
0.01931	0
0.01932	0.4
0.01933	0.6
0.01934	0.8
0.01935	1
0.01936	1.2
0.01937	1.2
0.01938	1.2
0.01939	1
0.0194	1
0.01941	1
0.01942	1
0.01943	1
0.01944	0.8
0.01945	1
0.01946	0.8
0.01947	0.8
0.01948	0.8
0.01949	0.6
0.0195	0.8
0.01951	0.6
0.01952	0.6
0.01953	0.6
0.01954	0.6
0.01955	0.6
0.01956	0.6
0.01957	0.6
0.01958	0.6
0.01959	0.6
0.0196	0.6
0.01961	0.6
0.01962	0.6
0.01963	0.6
0.01964	0.6
0.01965	0.6
0.01966	0.6
0.01967	0.6
0.01968	0.6
0.01969	0.6
0.0197	0.8
0.01971	0.8
0.01972	0.8
0.01973	0.8
0.01974	0.8
0.01975	0.8
0.01976	1
0.01977	0.8
0.01978	0.8
0.01979	0.8
0.0198	1
0.01981	1
0.01982	1
0.01983	1
0.01984	1
0.01985	1
0.01986	1
0.01987	1
0.01988	1
0.01989	1
0.0199	1
0.01991	1.2
0.01992	1
0.01993	1
0.01994	1
0.01995	1.2
0.01996	1.2
0.01997	1
0.01998	1
0.01999	1.2
0.02	1.2
0.02001	1.2
0.02002	1.2
0.02003	1.2
0.02004	1.2
0.02005	1.4
0.02006	1.2
0.02007	1.4
0.02008	1.4
0.02009	1.4
0.0201	1.4
0.02011	1.4
0.02012	1.4
0.02013	1.4
0.02014	1.4
0.02015	1.4
0.02016	1.4
0.02017	1.4
0.02018	1.6
0.02019	1.6
0.0202	1.6
0.02021	1.6
0.02022	1.6
0.02023	1.6
0.02024	1.6
0.02025	1.6
0.02026	1.8
0.02027	1.6
0.02028	1.8
0.02029	1.6
0.0203	1.8
0.02031	1.8
0.02032	1.8
0.02033	1.8
0.02034	1.8
0.02035	1.8
0.02036	1.8
0.02037	1.8
0.02038	1.8
0.02039	1.8
0.0204	1.8
0.02041	1.8
0.02042	1.8
0.02043	1.8
0.02044	1.8
0.02045	1.8
0.02046	1.8
0.02047	1.8
0.02048	1.8
0.02049	1.8
0.0205	1.8
0.02051	1.8
0.02052	1.8
0.02053	1.8
0.02054	1.8
0.02055	1.8
0.02056	1.8
0.02057	1.8
0.02058	1.8
0.02059	1.6
0.0206	1.6
0.02061	1.6
0.02062	1.8
0.02063	1.6
0.02064	1.6
0.02065	1.6
0.02066	1.6
0.02067	1.6
0.02068	1.6
0.02069	1.6
0.0207	1.6
0.02071	1.6
0.02072	1.6
0.02073	1.6
0.02074	1.6
0.02075	1.6
0.02076	1.4
0.02077	1.4
0.02078	1.4
0.02079	1.4
0.0208	1.4
0.02081	1.4
0.02082	1.4
0.02083	1.4
0.02084	1.2
0.02085	1.4
0.02086	1.2
0.02087	1.2
0.02088	1.2
0.02089	1.2
0.0209	1.2
0.02091	1.2
0.02092	1.2
0.02093	1.2
0.02094	1
0.02095	1.2
0.02096	1
0.02097	1
0.02098	1.2
0.02099	1
0.021	1
0.02101	1
0.02102	1
0.02103	0.8
0.02104	1
0.02105	0.8
0.02106	1
0.02107	0.8
0.02108	0.8
0.02109	0.8
0.0211	0.8
0.02111	0.8
0.02112	0.6
0.02113	0.6
0.02114	0.6
0.02115	0.6
0.02116	0.6
0.02117	0.6
0.02118	0.6
0.02119	0.6
0.0212	0.4
0.02121	0.6
0.02122	0.6
0.02123	0.4
0.02124	0.4
0.02125	0.4
0.02126	0.4
0.02127	0.4
0.02128	0.4
0.02129	0.4
0.0213	0.4
0.02131	0.2
0.02132	0.2
0.02133	0.2
0.02134	0.2
0.02135	0.2
0.02136	0.2
0.02137	0.2
0.02138	0.2
0.02139	0
0.0214	0.2
0.02141	0.2
0.02142	0
0.02143	0
0.02144	0
0.02145	0
0.02146	0
0.02147	0
0.02148	0
0.02149	0
0.0215	0
0.02151	0
0.02152	-0.2
0.02153	-0.2
0.02154	-0.2
0.02155	-0.2
0.02156	-0.2
0.02157	-0.2
0.02158	-0.2
0.02159	-0.4
0.0216	-0.2
0.02161	-0.2
0.02162	-0.2
0.02163	-0.4
0.02164	-0.4
0.02165	-0.4
0.02166	-0.4
0.02167	-0.4
0.02168	-0.6
0.02169	-1
0.0217	-7.8
0.02171	-8
0.02172	-8
0.02173	-7.8
0.02174	-7.6
0.02175	-7.6
0.02176	-7.4
0.02177	-7.4
0.02178	-7.4
0.02179	-7.2
0.0218	-7.2
0.02181	-7
0.02182	-7
0.02183	-6.8
0.02184	-6.8
0.02185	-6.6
0.02186	-6.4
0.02187	-6.4
0.02188	-6.2
0.02189	-6.2
0.0219	-6.2
0.02191	-6.2
0.02192	-6
0.02193	-6
0.02194	-5.8
0.02195	-5.6
0.02196	-5.4
0.02197	-5.2
0.02198	-5
0.02199	-4.6
0.022	-4.2
0.02201	-3
0.02202	-2
0.02203	-1.2
0.02204	-0.6
0.02205	0
0.02206	0.4
0.02207	0.8
0.02208	1
0.02209	1.2
0.0221	1.4
0.02211	1.4
0.02212	1.4
0.02213	1.4
0.02214	1.4
0.02215	1.4
0.02216	1.4
0.02217	1.2
0.02218	1.2
0.02219	1.2
0.0222	1.2
0.02221	1
0.02222	1
0.02223	1
0.02224	1
0.02225	1
0.02226	1
0.02227	0.8
0.02228	1
0.02229	1
0.0223	1
0.02231	1
0.02232	1
0.02233	1
0.02234	1
0.02235	1
0.02236	1
0.02237	1
0.02238	1
0.02239	1
0.0224	1
0.02241	1.2
0.02242	1
0.02243	1
0.02244	1
0.02245	1.2
0.02246	1.2
0.02247	1.2
0.02248	1.2
0.02249	1.2